0	 10	 0	 1
1	 10	 0	 1
2	 10	 0	 1
3	 10	 0	 1
4	 10	 0	 1
5	 10	 0	 1
6	 10	 0	 1
7	 10	 0	 1
8	 10	 0	 1
9	 10	 0	 1
10	 10	 0	 1
11	 10	 0	 1
12	 10	 0	 1
13	 10	 0	 1
14	 10	 0	 1
15	 10	 0	 1
16	 10	 0	 1
17	 10	 0	 1
18	 10	 0	 1
19	 10	 0	 1
20	 10	 0	 1
21	 10	 0	 1
22	 10	 0	 1
23	 10	 0	 1
24	 10	 0	 1
25	 10	 0	 1
26	 10	 0	 1
27	 10	 0	 1
28	 10	 0	 1
29	 10	 0	 1
30	 10	 0	 1
31	 10	 0	 1
32	 10	 0	 1
33	 10	 0	 1
34	 10	 0	 1
35	 10	 0	 1
36	 10	 0	 1
37	 10	 0	 1
38	 10	 0	 1
39	 10	 0	 1
40	 10	 0	 1
41	 10	 0	 1
42	 10	 0	 1
43	 10	 0	 1
44	 10	 0	 1
45	 10	 0	 1
46	 10	 0	 1
47	 10	 0	 1
48	 10	 0	 1
49	 10	 0	 1
50	 10	 0	 1
51	 10	 0	 1
52	 10	 0	 1
53	 10	 0	 1
54	 10	 0	 1
55	 10	 0	 1
56	 10	 0	 1
57	 10	 0	 1
58	 10	 0	 1
59	 10	 0	 1
60	 10	 0	 1
61	 10	 0	 1
62	 10	 0	 1
63	 10	 0	 1
64	 10	 0	 1
65	 10	 0	 1
66	 10	 0	 1
67	 10	 0	 1
68	 10	 0	 1
69	 10	 0	 1
70	 10	 0	 1
71	 10	 0	 1
72	 10	 0	 1
73	 10	 0	 1
74	 10	 0	 1
75	 10	 0	 1
76	 10	 0	 1
77	 10	 0	 1
78	 10	 0	 1
79	 10	 0	 1
80	 10	 0	 1
81	 10	 0	 1
82	 10	 0	 1
83	 10	 0	 1
84	 10	 0	 1
85	 10	 0	 1
86	 10	 0	 1
87	 10	 0	 1
88	 10	 0	 1
89	 10	 0	 1
90	 10	 0	 1
91	 10	 0	 1
92	 10	 0	 1
93	 10	 0	 1
94	 10	 0	 1
95	 10	 0	 1
96	 10	 0	 1
97	 10	 0	 1
98	 10	 0	 1
99	 10	 0	 1
100	 10	 0	 1
101	 10	 0	 1
102	 10	 0	 1
103	 10	 0	 1
104	 10	 0	 1
105	 10	 0	 1
106	 10	 0	 1
107	 10	 0	 1
108	 10	 0	 1
109	 10	 0	 1
110	 10	 0	 1
111	 10	 0	 1
112	 10	 0	 1
113	 10	 0	 1
114	 10	 0	 1
115	 10	 0	 1
116	 10	 0	 1
117	 10	 0	 1
118	 10	 0	 1
119	 10	 0	 1
120	 10	 0	 1
121	 10	 0	 1
122	 10	 0	 1
123	 10	 0	 1
124	 10	 0	 1
125	 10	 0	 1
126	 10	 0	 1
127	 10	 0	 1
128	 10	 0	 1
129	 10	 0	 1
130	 10	 0	 1
131	 10	 0	 1
132	 10	 0	 1
133	 10	 0	 1
134	 10	 0	 1
135	 10	 0	 1
136	 10	 0	 1
137	 10	 0	 1
138	 10	 0	 1
139	 10	 0	 1
140	 10	 0	 1
141	 10	 0	 1
142	 10	 0	 1
143	 10	 0	 1
144	 10	 0	 1
145	 10	 0	 1
146	 10	 0	 1
147	 10	 0	 1
148	 10	 0	 1
149	 10	 0	 1
150	 10	 0	 1
151	 10	 0	 1
152	 10	 0	 1
153	 10	 0	 1
154	 10	 0	 1
155	 10	 0	 1
156	 10	 0	 1
157	 10	 0	 1
158	 10	 0	 1
159	 10	 0	 1
160	 10	 0	 1
161	 10	 0	 1
162	 10	 0	 1
163	 10	 0	 1
164	 10	 0	 1
165	 10	 0	 1
166	 10	 0	 1
167	 10	 0	 1
168	 10	 0	 1
169	 10	 0	 1
170	 10	 0	 1
171	 10	 0	 1
172	 10	 0	 1
173	 10	 0	 1
174	 10	 0	 1
175	 10	 0	 1
176	 10	 0	 1
177	 10	 0	 1
178	 10	 0	 1
179	 10	 0	 1
180	 10	 0	 1
181	 10	 0	 1
182	 10	 0	 1
183	 10	 0	 1
184	 10	 0	 1
185	 10	 0	 1
186	 10	 0	 1
187	 10	 0	 1
188	 10	 0	 1
189	 10	 0	 1
190	 10	 0	 1
191	 10	 0	 1
192	 10	 0	 1
193	 10	 0	 1
194	 10	 0	 1
195	 10	 0	 1
196	 10	 0	 1
197	 10	 0	 1
198	 10	 0	 1
199	 10	 0	 1
200	 10	 0	 1
201	 10	 0	 1
202	 10	 0	 1
203	 10	 0	 1
204	 10	 0	 1
205	 10	 0	 1
206	 10	 0	 1
207	 10	 0	 1
208	 10	 0	 1
209	 10	 0	 1
210	 10	 0	 1
211	 10	 0	 1
212	 10	 0	 1
213	 10	 0	 1
214	 10	 0	 1
215	 10	 0	 1
216	 10	 0	 1
217	 10	 0	 1
218	 10	 0	 1
219	 10	 0	 1
220	 10	 0	 1
221	 10	 0	 1
222	 10	 0	 1
223	 10	 0	 1
224	 10	 0	 1
225	 10	 0	 1
226	 10	 0	 1
227	 10	 0	 1
228	 10	 0	 1
229	 10	 0	 1
230	 10	 0	 1
231	 10	 0	 1
232	 10	 0	 1
233	 10	 0	 1
234	 10	 0	 1
235	 10	 0	 1
236	 10	 0	 1
237	 10	 0	 1
238	 10	 0	 1
239	 10	 0	 1
240	 10	 0	 1
241	 10	 0	 1
242	 10	 0	 1
243	 10	 0	 1
244	 10	 0	 1
245	 10	 0	 1
246	 10	 0	 1
247	 10	 0	 1
248	 10	 0	 1
249	 10	 0	 1
250	 10	 0	 1
251	 10	 0	 1
252	 10	 0	 1
253	 10	 0	 1
254	 10	 0	 1
255	 10	 0	 1
256	 10	 0	 1
257	 10	 0	 1
258	 10	 0	 1
259	 10	 0	 1
260	 10	 0	 1
261	 10	 0	 1
262	 10	 0	 1
263	 10	 0	 1
264	 10	 0	 1
265	 10	 0	 1
266	 10	 0	 1
267	 10	 0	 1
268	 10	 0	 1
269	 10	 0	 1
270	 10	 0	 1
271	 10	 0	 1
272	 10	 0	 1
273	 10	 0	 1
274	 10	 0	 1
275	 10	 0	 1
276	 10	 0	 1
277	 10	 0	 1
278	 10	 0	 1
279	 10	 0	 1
280	 10	 0	 1
281	 10	 0	 1
282	 10	 0	 1
283	 10	 0	 1
284	 10	 0	 1
285	 10	 0	 1
286	 10	 0	 1
287	 10	 0	 1
288	 10	 0	 1
289	 10	 0	 1
290	 10	 0	 1
291	 10	 0	 1
292	 10	 0	 1
293	 10	 0	 1
294	 10	 0	 1
295	 10	 0	 1
296	 10	 0	 1
297	 10	 0	 1
298	 10	 0	 1
299	 10	 0	 1
300	 10	 0	 1
301	 10	 0	 1
302	 10	 0	 1
303	 10	 0	 1
304	 10	 0	 1
305	 10	 0	 1
306	 10	 0	 1
307	 10	 0	 1
308	 10	 0	 1
309	 10	 0	 1
310	 10	 0	 1
311	 10	 0	 1
312	 10	 0	 1
313	 10	 0	 1
314	 10	 0	 1
315	 10	 0	 1
316	 10	 0	 1
317	 10	 0	 1
318	 10	 0	 1
319	 10	 0	 1
320	 10	 0	 1
321	 10	 0	 1
322	 10	 0	 1
323	 10	 0	 1
324	 10	 0	 1
325	 10	 0	 1
326	 10	 0	 1
327	 10	 0	 1
328	 10	 0	 1
329	 10	 0	 1
330	 10	 0	 1
331	 10	 0	 1
332	 10	 0	 1
333	 10	 0	 1
334	 10	 0	 1
335	 10	 0	 1
336	 10	 0	 1
337	 10	 0	 1
338	 10	 0	 1
339	 10	 0	 1
340	 10	 0	 1
341	 10	 0	 1
342	 10	 0	 1
343	 10	 0	 1
344	 10	 0	 1
345	 10	 0	 1
346	 10	 0	 1
347	 10	 0	 1
348	 10	 0	 1
349	 10	 0	 1
350	 10	 0	 1
351	 10	 0	 1
352	 10	 0	 1
353	 10	 0	 1
354	 10	 0	 1
355	 10	 0	 1
356	 10	 0	 1
357	 10	 0	 1
358	 10	 0	 1
359	 10	 0	 1
360	 10	 0	 1
361	 10	 0	 1
362	 10	 0	 1
363	 10	 0	 1
364	 10	 0	 1
365	 10	 0	 1
366	 10	 0	 1
367	 10	 0	 1
368	 10	 0	 1
369	 10	 0	 1
370	 10	 0	 1
371	 10	 0	 1
372	 10	 0	 1
373	 10	 0	 1
374	 10	 0	 1
375	 10	 0	 1
376	 10	 0	 1
377	 10	 0	 1
378	 10	 0	 1
379	 10	 0	 1
380	 10	 0	 1
381	 10	 0	 1
382	 10	 0	 1
383	 10	 0	 1
384	 10	 0	 1
385	 10	 0	 1
386	 10	 0	 1
387	 10	 0	 1
388	 10	 0	 1
389	 10	 0	 1
390	 10	 0	 1
391	 10	 0	 1
392	 10	 0	 1
393	 10	 0	 1
394	 10	 0	 1
395	 10	 0	 1
396	 10	 0	 1
397	 10	 0	 1
398	 10	 0	 1
399	 10	 0	 1
400	 10	 0	 1
401	 10	 0	 1
402	 10	 0	 1
403	 10	 0	 1
404	 10	 0	 1
405	 10	 0	 1
406	 10	 0	 1
407	 10	 0	 1
408	 10	 0	 1
409	 10	 0	 1
410	 10	 0	 1
411	 10	 0	 1
412	 10	 0	 1
413	 10	 0	 1
414	 10	 0	 1
415	 10	 0	 1
416	 10	 0	 1
417	 10	 0	 1
418	 10	 0	 1
419	 10	 0	 1
420	 10	 0	 1
421	 10	 0	 1
422	 10	 0	 1
423	 10	 0	 1
424	 10	 0	 1
425	 10	 0	 1
426	 10	 0	 1
427	 10	 0	 1
428	 10	 0	 1
429	 10	 0	 1
430	 10	 0	 1
431	 10	 0	 1
432	 10	 0	 1
433	 10	 0	 1
434	 10	 0	 1
435	 10	 0	 1
436	 10	 0	 1
437	 10	 0	 1
438	 10	 0	 1
439	 10	 0	 1
440	 10	 0	 1
441	 10	 0	 1
442	 10	 0	 1
443	 10	 0	 1
444	 10	 0	 1
445	 10	 0	 1
446	 10	 0	 1
447	 10	 0	 1
448	 10	 0	 1
449	 10	 0	 1
450	 10	 0	 1
451	 10	 0	 1
452	 10	 0	 1
453	 10	 0	 1
454	 10	 0	 1
455	 10	 0	 1
456	 10	 0	 1
457	 10	 0	 1
458	 10	 0	 1
459	 10	 0	 1
460	 10	 0	 1
461	 10	 0	 1
462	 10	 0	 1
463	 10	 0	 1
464	 10	 0	 1
465	 10	 0	 1
466	 10	 0	 1
467	 10	 0	 1
468	 10	 0	 1
469	 10	 0	 1
470	 10	 0	 1
471	 10	 0	 1
472	 10	 0	 1
473	 10	 0	 1
474	 10	 0	 1
475	 10	 0	 1
476	 10	 0	 1
477	 10	 0	 1
478	 10	 0	 1
479	 10	 0	 1
480	 10	 0	 1
481	 10	 0	 1
482	 10	 0	 1
483	 10	 0	 1
484	 10	 0	 1
485	 10	 0	 1
486	 10	 0	 1
487	 10	 0	 1
488	 10	 0	 1
489	 10	 0	 1
490	 10	 0	 1
491	 10	 0	 1
492	 10	 0	 1
493	 10	 0	 1
494	 10	 0	 1
495	 10	 0	 1
496	 10	 0	 1
497	 10	 0	 1
498	 10	 0	 1
499	 10	 0	 1
500	 10	 0	 1
501	 10	 0	 1
502	 10	 0	 1
503	 10	 0	 1
504	 10	 0	 1
505	 10	 0	 1
506	 10	 0	 1
507	 10	 0	 1
508	 10	 0	 1
509	 10	 0	 1
510	 10	 0	 1
511	 10	 0	 1
512	 10	 0	 1
513	 10	 0	 1
514	 10	 0	 1
515	 10	 0	 1
516	 10	 0	 1
517	 10	 0	 1
518	 10	 0	 1
519	 10	 0	 1
520	 10	 0	 1
521	 10	 0	 1
522	 10	 0	 1
523	 10	 0	 1
524	 10	 0	 1
525	 10	 0	 1
526	 10	 0	 1
527	 10	 0	 1
528	 10	 0	 1
529	 10	 0	 1
530	 10	 0	 1
531	 10	 0	 1
532	 10	 0	 1
533	 10	 0	 1
534	 10	 0	 1
535	 10	 0	 1
536	 10	 0	 1
537	 10	 0	 1
538	 10	 0	 1
539	 10	 0	 1
540	 10	 0	 1
541	 10	 0	 1
542	 10	 0	 1
543	 10	 0	 1
544	 10	 0	 1
545	 10	 0	 1
546	 10	 0	 1
547	 10	 0	 1
548	 10	 0	 1
549	 10	 0	 1
550	 10	 0	 1
551	 10	 0	 1
552	 10	 0	 1
553	 10	 0	 1
554	 10	 0	 1
555	 10	 0	 1
556	 10	 0	 1
557	 10	 0	 1
558	 10	 0	 1
559	 10	 0	 1
560	 10	 0	 1
561	 10	 0	 1
562	 10	 0	 1
563	 10	 0	 1
564	 10	 0	 1
565	 10	 0	 1
566	 10	 0	 1
567	 10	 0	 1
568	 10	 0	 1
569	 10	 0	 1
570	 10	 0	 1
571	 10	 0	 1
572	 10	 0	 1
573	 10	 0	 1
574	 10	 0	 1
575	 10	 0	 1
576	 10	 0	 1
577	 10	 0	 1
578	 10	 0	 1
579	 10	 0	 1
580	 10	 0	 1
581	 10	 0	 1
582	 10	 0	 1
583	 10	 0	 1
584	 10	 0	 1
585	 10	 0	 1
586	 10	 0	 1
587	 10	 0	 1
588	 10	 0	 1
589	 10	 0	 1
590	 10	 0	 1
591	 10	 0	 1
592	 10	 0	 1
593	 10	 0	 1
594	 10	 0	 1
595	 10	 0	 1
596	 10	 0	 1
597	 10	 0	 1
598	 10	 0	 1
599	 10	 0	 1
600	 10	 0	 1
601	 10	 0	 1
602	 10	 0	 1
603	 10	 0	 1
604	 10	 0	 1
605	 10	 0	 1
606	 10	 0	 1
607	 10	 0	 1
608	 10	 0	 1
609	 10	 0	 1
610	 10	 0	 1
611	 10	 0	 1
612	 10	 0	 1
613	 10	 0	 1
614	 10	 0	 1
615	 10	 0	 1
616	 10	 0	 1
617	 10	 0	 1
618	 10	 0	 1
619	 10	 0	 1
620	 10	 0	 1
621	 10	 0	 1
622	 10	 0	 1
623	 10	 0	 1
624	 10	 0	 1
625	 10	 0	 1
626	 10	 0	 1
627	 10	 0	 1
628	 10	 0	 1
629	 10	 0	 1
630	 10	 0	 1
631	 10	 0	 1
632	 10	 0	 1
633	 10	 0	 1
634	 10	 0	 1
635	 10	 0	 1
636	 10	 0	 1
637	 10	 0	 1
638	 10	 0	 1
639	 10	 0	 1
640	 10	 0	 1
641	 10	 0	 1
642	 10	 0	 1
643	 10	 0	 1
644	 10	 0	 1
645	 10	 0	 1
646	 10	 0	 1
647	 10	 0	 1
648	 10	 0	 1
649	 10	 0	 1
650	 10	 0	 1
651	 10	 0	 1
652	 10	 0	 1
653	 10	 0	 1
654	 10	 0	 1
655	 10	 0	 1
656	 10	 0	 1
657	 10	 0	 1
658	 10	 0	 1
659	 10	 0	 1
660	 10	 0	 1
661	 10	 0	 1
662	 10	 0	 1
663	 10	 0	 1
664	 10	 0	 1
665	 10	 0	 1
666	 10	 0	 1
667	 10	 0	 1
668	 10	 0	 1
669	 10	 0	 1
670	 10	 0	 1
671	 10	 0	 1
672	 10	 0	 1
673	 10	 0	 1
674	 10	 0	 1
675	 10	 0	 1
676	 10	 0	 1
677	 10	 0	 1
678	 10	 0	 1
679	 10	 0	 1
680	 10	 0	 1
681	 10	 0	 1
682	 10	 0	 1
683	 10	 0	 1
684	 10	 0	 1
685	 10	 0	 1
686	 10	 0	 1
687	 10	 0	 1
688	 10	 0	 1
689	 10	 0	 1
690	 10	 0	 1
691	 10	 0	 1
692	 10	 0	 1
693	 10	 0	 1
694	 10	 0	 1
695	 10	 0	 1
696	 10	 0	 1
697	 10	 0	 1
698	 10	 0	 1
699	 10	 0	 1
700	 10	 0	 1
701	 10	 0	 1
702	 10	 0	 1
703	 10	 0	 1
704	 10	 0	 1
705	 10	 0	 1
706	 10	 0	 1
707	 10	 0	 1
708	 10	 0	 1
709	 10	 0	 1
710	 10	 0	 1
711	 10	 0	 1
712	 10	 0	 1
713	 10	 0	 1
714	 10	 0	 1
715	 10	 0	 1
716	 10	 0	 1
717	 10	 0	 1
718	 10	 0	 1
719	 10	 0	 1
720	 10	 0	 1
721	 10	 0	 1
722	 10	 0	 1
723	 10	 0	 1
724	 10	 0	 1
725	 10	 0	 1
726	 10	 0	 1
727	 10	 0	 1
728	 10	 0	 1
729	 10	 0	 1
730	 10	 0	 1
731	 10	 0	 1
732	 10	 0	 1
733	 10	 0	 1
734	 10	 0	 1
735	 10	 0	 1
736	 10	 0	 1
737	 10	 0	 1
738	 10	 0	 1
739	 10	 0	 1
740	 10	 0	 1
741	 10	 0	 1
742	 10	 0	 1
743	 10	 0	 1
744	 10	 0	 1
745	 10	 0	 1
746	 10	 0	 1
747	 10	 0	 1
748	 10	 0	 1
749	 10	 0	 1
750	 10	 0	 1
751	 10	 0	 1
752	 10	 0	 1
753	 10	 0	 1
754	 10	 0	 1
755	 10	 0	 1
756	 10	 0	 1
757	 10	 0	 1
758	 10	 0	 1
759	 10	 0	 1
760	 10	 0	 1
761	 10	 0	 1
762	 10	 0	 1
763	 10	 0	 1
764	 10	 0	 1
765	 10	 0	 1
766	 10	 0	 1
767	 10	 0	 1
768	 10	 0	 1
769	 10	 0	 1
770	 10	 0	 1
771	 10	 0	 1
772	 10	 0	 1
773	 10	 0	 1
774	 10	 0	 1
775	 10	 0	 1
776	 10	 0	 1
777	 10	 0	 1
778	 10	 0	 1
779	 10	 0	 1
780	 10	 0	 1
781	 10	 0	 1
782	 10	 0	 1
783	 10	 0	 1
784	 10	 0	 1
785	 10	 0	 1
786	 10	 0	 1
787	 10	 0	 1
788	 10	 0	 1
789	 10	 0	 1
790	 10	 0	 1
791	 10	 0	 1
792	 10	 0	 1
793	 10	 0	 1
794	 10	 0	 1
795	 10	 0	 1
796	 10	 0	 1
797	 10	 0	 1
798	 10	 0	 1
799	 10	 0	 1
800	 10	 0	 1
801	 10	 0	 1
802	 10	 0	 1
803	 10	 0	 1
804	 10	 0	 1
805	 10	 0	 1
806	 10	 0	 1
807	 10	 0	 1
808	 10	 0	 1
809	 10	 0	 1
810	 10	 0	 1
811	 10	 0	 1
812	 10	 0	 1
813	 10	 0	 1
814	 10	 0	 1
815	 10	 0	 1
816	 10	 0	 1
817	 10	 0	 1
818	 10	 0	 1
819	 10	 0	 1
820	 10	 0	 1
821	 10	 0	 1
822	 10	 0	 1
823	 10	 0	 1
824	 10	 0	 1
825	 10	 0	 1
826	 10	 0	 1
827	 10	 0	 1
828	 10	 0	 1
829	 10	 0	 1
830	 10	 0	 1
831	 10	 0	 1
832	 10	 0	 1
833	 10	 0	 1
834	 10	 0	 1
835	 10	 0	 1
836	 10	 0	 1
837	 10	 0	 1
838	 10	 0	 1
839	 10	 0	 1
840	 10	 0	 1
841	 10	 0	 1
842	 10	 0	 1
843	 10	 0	 1
844	 10	 0	 1
845	 10	 0	 1
846	 10	 0	 1
847	 10	 0	 1
848	 10	 0	 1
849	 10	 0	 1
850	 10	 0	 1
851	 10	 0	 1
852	 10	 0	 1
853	 10	 0	 1
854	 10	 0	 1
855	 10	 0	 1
856	 10	 0	 1
857	 10	 0	 1
858	 10	 0	 1
859	 10	 0	 1
860	 10	 0	 1
861	 10	 0	 1
862	 10	 0	 1
863	 10	 0	 1
864	 10	 0	 1
865	 10	 0	 1
866	 10	 0	 1
867	 10	 0	 1
868	 10	 0	 1
869	 10	 0	 1
870	 10	 0	 1
871	 10	 0	 1
872	 10	 0	 1
873	 10	 0	 1
874	 10	 0	 1
875	 10	 0	 1
876	 10	 0	 1
877	 10	 0	 1
878	 10	 0	 1
879	 10	 0	 1
880	 10	 0	 1
881	 10	 0	 1
882	 10	 0	 1
883	 10	 0	 1
884	 10	 0	 1
885	 10	 0	 1
886	 10	 0	 1
887	 10	 0	 1
888	 10	 0	 1
889	 10	 0	 1
890	 10	 0	 1
891	 10	 0	 1
892	 10	 0	 1
893	 10	 0	 1
894	 10	 0	 1
895	 10	 0	 1
896	 10	 0	 1
897	 10	 0	 1
898	 10	 0	 1
899	 10	 0	 1
900	 10	 0	 1
901	 10	 0	 1
902	 10	 0	 1
903	 10	 0	 1
904	 10	 0	 1
905	 10	 0	 1
906	 10	 0	 1
907	 10	 0	 1
908	 10	 0	 1
909	 10	 0	 1
910	 10	 0	 1
911	 10	 0	 1
912	 10	 0	 1
913	 10	 0	 1
914	 10	 0	 1
915	 10	 0	 1
916	 10	 0	 1
917	 10	 0	 1
918	 10	 0	 1
919	 10	 0	 1
920	 10	 0	 1
921	 10	 0	 1
922	 10	 0	 1
923	 10	 0	 1
924	 10	 0	 1
925	 10	 0	 1
926	 10	 0	 1
927	 10	 0	 1
928	 10	 0	 1
929	 10	 0	 1
930	 10	 0	 1
931	 10	 0	 1
932	 10	 0	 1
933	 10	 0	 1
934	 10	 0	 1
935	 10	 0	 1
936	 10	 0	 1
937	 10	 0	 1
938	 10	 0	 1
939	 10	 0	 1
940	 10	 0	 1
941	 10	 0	 1
942	 10	 0	 1
943	 10	 0	 1
944	 10	 0	 1
945	 10	 0	 1
946	 10	 0	 1
947	 10	 0	 1
948	 10	 0	 1
949	 10	 0	 1
950	 10	 0	 1
951	 10	 0	 1
952	 10	 0	 1
953	 10	 0	 1
954	 10	 0	 1
955	 10	 0	 1
956	 10	 0	 1
957	 10	 0	 1
958	 10	 0	 1
959	 10	 0	 1
960	 10	 0	 1
961	 10	 0	 1
962	 10	 0	 1
963	 10	 0	 1
964	 10	 0	 1
965	 10	 0	 1
966	 10	 0	 1
967	 10	 0	 1
968	 10	 0	 1
969	 10	 0	 1
970	 10	 0	 1
971	 10	 0	 1
972	 10	 0	 1
973	 10	 0	 1
974	 10	 0	 1
975	 10	 0	 1
976	 10	 0	 1
977	 10	 0	 1
978	 10	 0	 1
979	 10	 0	 1
980	 10	 0	 1
981	 10	 0	 1
982	 10	 0	 1
983	 10	 0	 1
984	 10	 0	 1
985	 10	 0	 1
986	 10	 0	 1
987	 10	 0	 1
988	 10	 0	 1
989	 10	 0	 1
990	 10	 0	 1
991	 10	 0	 1
992	 10	 0	 1
993	 10	 0	 1
994	 10	 0	 1
995	 10	 0	 1
996	 10	 0	 1
997	 10	 0	 1
998	 10	 0	 1
999	 10	 0	 1
1000	 10	 0	 1
1001	 10	 0	 1
1002	 10	 0	 1
1003	 10	 0	 1
1004	 10	 0	 1
1005	 10	 0	 1
1006	 10	 0	 1
1007	 10	 0	 1
1008	 10	 0	 1
1009	 10	 0	 1
1010	 10	 0	 1
1011	 10	 0	 1
1012	 10	 0	 1
1013	 10	 0	 1
1014	 10	 0	 1
1015	 10	 0	 1
1016	 10	 0	 1
1017	 10	 0	 1
1018	 10	 0	 1
1019	 10	 0	 1
1020	 10	 0	 1
1021	 10	 0	 1
1022	 10	 0	 1
1023	 10	 0	 1
1024	 10	 0	 1
1025	 10	 0	 1
1026	 10	 0	 1
1027	 10	 0	 1
1028	 10	 0	 1
1029	 10	 0	 1
1030	 10	 0	 1
1031	 10	 0	 1
1032	 10	 0	 1
1033	 10	 0	 1
1034	 10	 0	 1
1035	 10	 0	 1
1036	 10	 0	 1
1037	 10	 0	 1
1038	 10	 0	 1
1039	 10	 0	 1
1040	 10	 0	 1
1041	 10	 0	 1
1042	 10	 0	 1
1043	 10	 0	 1
1044	 10	 0	 1
1045	 10	 0	 1
1046	 10	 0	 1
1047	 10	 0	 1
1048	 10	 0	 1
1049	 10	 0	 1
1050	 10	 0	 1
1051	 10	 0	 1
1052	 10	 0	 1
1053	 10	 0	 1
1054	 10	 0	 1
1055	 10	 0	 1
1056	 10	 0	 1
1057	 10	 0	 1
1058	 10	 0	 1
1059	 10	 0	 1
1060	 10	 0	 1
1061	 10	 0	 1
1062	 10	 0	 1
1063	 10	 0	 1
1064	 10	 0	 1
1065	 10	 0	 1
1066	 10	 0	 1
1067	 10	 0	 1
1068	 10	 0	 1
1069	 10	 0	 1
1070	 10	 0	 1
1071	 10	 0	 1
1072	 10	 0	 1
1073	 10	 0	 1
1074	 10	 0	 1
1075	 10	 0	 1
1076	 10	 0	 1
1077	 10	 0	 1
1078	 10	 0	 1
1079	 10	 0	 1
1080	 10	 0	 1
1081	 10	 0	 1
1082	 10	 0	 1
1083	 10	 0	 1
1084	 10	 0	 1
1085	 10	 0	 1
1086	 10	 0	 1
1087	 10	 0	 1
1088	 10	 0	 1
1089	 10	 0	 1
1090	 10	 0	 1
1091	 10	 0	 1
1092	 10	 0	 1
1093	 10	 0	 1
1094	 10	 0	 1
1095	 10	 0	 1
1096	 10	 0	 1
1097	 10	 0	 1
1098	 10	 0	 1
1099	 10	 0	 1
1100	 10	 0	 1
1101	 10	 0	 1
1102	 10	 0	 1
1103	 10	 0	 1
1104	 10	 0	 1
1105	 10	 0	 1
1106	 10	 0	 1
1107	 10	 0	 1
1108	 10	 0	 1
1109	 10	 0	 1
1110	 10	 0	 1
1111	 10	 0	 1
1112	 10	 0	 1
1113	 10	 0	 1
1114	 10	 0	 1
1115	 10	 0	 1
1116	 10	 0	 1
1117	 10	 0	 1
1118	 10	 0	 1
1119	 10	 0	 1
1120	 10	 0	 1
1121	 10	 0	 1
1122	 10	 0	 1
1123	 10	 0	 1
1124	 10	 0	 1
1125	 10	 0	 1
1126	 10	 0	 1
1127	 10	 0	 1
1128	 10	 0	 1
1129	 10	 0	 1
1130	 10	 0	 1
1131	 10	 0	 1
1132	 10	 0	 1
1133	 10	 0	 1
1134	 10	 0	 1
1135	 10	 0	 1
1136	 10	 0	 1
1137	 10	 0	 1
1138	 10	 0	 1
1139	 10	 0	 1
1140	 10	 0	 1
1141	 10	 0	 1
1142	 10	 0	 1
1143	 10	 0	 1
1144	 10	 0	 1
1145	 10	 0	 1
1146	 10	 0	 1
1147	 10	 0	 1
1148	 10	 0	 1
1149	 10	 0	 1
1150	 10	 0	 1
1151	 10	 0	 1
1152	 10	 0	 1
1153	 10	 0	 1
1154	 10	 0	 1
1155	 10	 0	 1
1156	 10	 0	 1
1157	 10	 0	 1
1158	 10	 0	 1
1159	 10	 0	 1
1160	 10	 0	 1
1161	 10	 0	 1
1162	 10	 0	 1
1163	 10	 0	 1
1164	 10	 0	 1
1165	 10	 0	 1
1166	 10	 0	 1
1167	 10	 0	 1
1168	 10	 0	 1
1169	 10	 0	 1
1170	 10	 0	 1
1171	 10	 0	 1
1172	 10	 0	 1
1173	 10	 0	 1
1174	 10	 0	 1
1175	 10	 0	 1
1176	 10	 0	 1
1177	 10	 0	 1
1178	 10	 0	 1
1179	 10	 0	 1
1180	 10	 0	 1
1181	 10	 0	 1
1182	 10	 0	 1
1183	 10	 0	 1
1184	 10	 0	 1
1185	 10	 0	 1
1186	 10	 0	 1
1187	 10	 0	 1
1188	 10	 0	 1
1189	 10	 0	 1
1190	 10	 0	 1
1191	 10	 0	 1
1192	 10	 0	 1
1193	 10	 0	 1
1194	 10	 0	 1
1195	 10	 0	 1
1196	 10	 0	 1
1197	 10	 0	 1
1198	 10	 0	 1
1199	 10	 0	 1
1200	 10	 0	 1
1201	 10	 0	 1
1202	 10	 0	 1
1203	 10	 0	 1
1204	 10	 0	 1
1205	 10	 0	 1
1206	 10	 0	 1
1207	 10	 0	 1
1208	 10	 0	 1
1209	 10	 0	 1
1210	 10	 0	 1
1211	 10	 0	 1
1212	 10	 0	 1
1213	 10	 0	 1
1214	 10	 0	 1
1215	 10	 0	 1
1216	 10	 0	 1
1217	 10	 0	 1
1218	 10	 0	 1
1219	 10	 0	 1
1220	 10	 0	 1
1221	 10	 0	 1
1222	 10	 0	 1
1223	 10	 0	 1
1224	 10	 0	 1
1225	 10	 0	 1
1226	 10	 0	 1
1227	 10	 0	 1
1228	 10	 0	 1
1229	 10	 0	 1
1230	 10	 0	 1
1231	 10	 0	 1
1232	 10	 0	 1
1233	 10	 0	 1
1234	 10	 0	 1
1235	 10	 0	 1
1236	 10	 0	 1
1237	 10	 0	 1
1238	 10	 0	 1
1239	 10	 0	 1
1240	 10	 0	 1
1241	 10	 0	 1
1242	 10	 0	 1
1243	 10	 0	 1
1244	 10	 0	 1
1245	 10	 0	 1
1246	 10	 0	 1
1247	 10	 0	 1
1248	 10	 0	 1
1249	 10	 0	 1
1250	 10	 0	 1
1251	 10	 0	 1
1252	 10	 0	 1
1253	 10	 0	 1
1254	 10	 0	 1
1255	 10	 0	 1
1256	 10	 0	 1
1257	 10	 0	 1
1258	 10	 0	 1
1259	 10	 0	 1
1260	 10	 0	 1
1261	 10	 0	 1
1262	 10	 0	 1
1263	 10	 0	 1
1264	 10	 0	 1
1265	 10	 0	 1
1266	 10	 0	 1
1267	 10	 0	 1
1268	 10	 0	 1
1269	 10	 0	 1
1270	 10	 0	 1
1271	 10	 0	 1
1272	 10	 0	 1
1273	 10	 0	 1
1274	 10	 0	 1
1275	 10	 0	 1
1276	 10	 0	 1
1277	 10	 0	 1
1278	 10	 0	 1
1279	 10	 0	 1
1280	 10	 0	 1
1281	 10	 0	 1
1282	 10	 0	 1
1283	 10	 0	 1
1284	 10	 0	 1
1285	 10	 0	 1
1286	 10	 0	 1
1287	 10	 0	 1
1288	 10	 0	 1
1289	 10	 0	 1
1290	 10	 0	 1
1291	 10	 0	 1
1292	 10	 0	 1
1293	 10	 0	 1
1294	 10	 0	 1
1295	 10	 0	 1
1296	 10	 0	 1
1297	 10	 0	 1
1298	 10	 0	 1
1299	 10	 0	 1
1300	 10	 0	 1
1301	 10	 0	 1
1302	 10	 0	 1
1303	 10	 0	 1
1304	 10	 0	 1
1305	 10	 0	 1
1306	 10	 0	 1
1307	 10	 0	 1
1308	 10	 0	 1
1309	 10	 0	 1
1310	 10	 0	 1
1311	 10	 0	 1
1312	 10	 0	 1
1313	 10	 0	 1
1314	 10	 0	 1
1315	 10	 0	 1
1316	 10	 0	 1
1317	 10	 0	 1
1318	 10	 0	 1
1319	 10	 0	 1
1320	 10	 0	 1
1321	 10	 0	 1
1322	 10	 0	 1
1323	 10	 0	 1
1324	 10	 0	 1
1325	 10	 0	 1
1326	 10	 0	 1
1327	 10	 0	 1
1328	 10	 0	 1
1329	 10	 0	 1
1330	 10	 0	 1
1331	 10	 0	 1
1332	 10	 0	 1
1333	 10	 0	 1
1334	 10	 0	 1
1335	 10	 0	 1
1336	 10	 0	 1
1337	 10	 0	 1
1338	 10	 0	 1
1339	 10	 0	 1
1340	 10	 0	 1
1341	 10	 0	 1
1342	 10	 0	 1
1343	 10	 0	 1
1344	 10	 0	 1
1345	 10	 0	 1
1346	 10	 0	 1
1347	 10	 0	 1
1348	 10	 0	 1
1349	 10	 0	 1
1350	 10	 0	 1
1351	 10	 0	 1
1352	 10	 0	 1
1353	 10	 0	 1
1354	 10	 0	 1
1355	 10	 0	 1
1356	 10	 0	 1
1357	 10	 0	 1
1358	 10	 0	 1
1359	 10	 0	 1
1360	 10	 0	 1
1361	 10	 0	 1
1362	 10	 0	 1
1363	 10	 0	 1
1364	 10	 0	 1
1365	 10	 0	 1
1366	 10	 0	 1
1367	 10	 0	 1
1368	 10	 0	 1
1369	 10	 0	 1
1370	 10	 0	 1
1371	 10	 0	 1
1372	 10	 0	 1
1373	 10	 0	 1
1374	 10	 0	 1
1375	 10	 0	 1
1376	 10	 0	 1
1377	 10	 0	 1
1378	 10	 0	 1
1379	 10	 0	 1
1380	 10	 0	 1
1381	 10	 0	 1
1382	 10	 0	 1
1383	 10	 0	 1
1384	 10	 0	 1
1385	 10	 0	 1
1386	 10	 0	 1
1387	 10	 0	 1
1388	 10	 0	 1
1389	 10	 0	 1
1390	 10	 0	 1
1391	 10	 0	 1
1392	 10	 0	 1
1393	 10	 0	 1
1394	 10	 0	 1
1395	 10	 0	 1
1396	 10	 0	 1
1397	 10	 0	 1
1398	 10	 0	 1
1399	 10	 0	 1
1400	 10	 0	 1
1401	 10	 0	 1
1402	 10	 0	 1
1403	 10	 0	 1
1404	 10	 0	 1
1405	 10	 0	 1
1406	 10	 0	 1
1407	 10	 0	 1
1408	 10	 0	 1
1409	 10	 0	 1
1410	 10	 0	 1
1411	 10	 0	 1
1412	 10	 0	 1
1413	 10	 0	 1
1414	 10	 0	 1
1415	 10	 0	 1
1416	 10	 0	 1
1417	 10	 0	 1
1418	 10	 0	 1
1419	 10	 0	 1
1420	 10	 0	 1
1421	 10	 0	 1
1422	 10	 0	 1
1423	 10	 0	 1
1424	 10	 0	 1
1425	 10	 0	 1
1426	 10	 0	 1
1427	 10	 0	 1
1428	 10	 0	 1
1429	 10	 0	 1
1430	 10	 0	 1
1431	 10	 0	 1
1432	 10	 0	 1
1433	 10	 0	 1
1434	 10	 0	 1
1435	 10	 0	 1
1436	 10	 0	 1
1437	 10	 0	 1
1438	 10	 0	 1
1439	 10	 0	 1
1440	 10	 0	 1
1441	 10	 0	 1
1442	 10	 0	 1
1443	 10	 0	 1
1444	 10	 0	 1
1445	 10	 0	 1
1446	 10	 0	 1
1447	 10	 0	 1
1448	 10	 0	 1
1449	 10	 0	 1
1450	 10	 0	 1
1451	 10	 0	 1
1452	 10	 0	 1
1453	 10	 0	 1
1454	 10	 0	 1
1455	 10	 0	 1
1456	 10	 0	 1
1457	 10	 0	 1
1458	 10	 0	 1
1459	 10	 0	 1
1460	 10	 0	 1
1461	 10	 0	 1
1462	 10	 0	 1
1463	 10	 0	 1
1464	 10	 0	 1
1465	 10	 0	 1
1466	 10	 0	 1
1467	 10	 0	 1
1468	 10	 0	 1
1469	 10	 0	 1
1470	 10	 0	 1
1471	 10	 0	 1
1472	 10	 0	 1
1473	 10	 0	 1
1474	 10	 0	 1
1475	 10	 0	 1
1476	 10	 0	 1
1477	 10	 0	 1
1478	 10	 0	 1
1479	 10	 0	 1
1480	 10	 0	 1
1481	 10	 0	 1
1482	 10	 0	 1
1483	 10	 0	 1
1484	 10	 0	 1
1485	 10	 0	 1
1486	 10	 0	 1
1487	 10	 0	 1
1488	 10	 0	 1
1489	 10	 0	 1
1490	 10	 0	 1
1491	 10	 0	 1
1492	 10	 0	 1
1493	 10	 0	 1
1494	 10	 0	 1
1495	 10	 0	 1
1496	 10	 0	 1
1497	 10	 0	 1
1498	 10	 0	 1
1499	 10	 0	 1
1500	 10	 0	 1
1501	 10	 0	 1
1502	 10	 0	 1
1503	 10	 0	 1
1504	 10	 0	 1
1505	 10	 0	 1
1506	 10	 0	 1
1507	 10	 0	 1
1508	 10	 0	 1
1509	 10	 0	 1
1510	 10	 0	 1
1511	 10	 0	 1
1512	 10	 0	 1
1513	 10	 0	 1
1514	 10	 0	 1
1515	 10	 0	 1
1516	 10	 0	 1
1517	 10	 0	 1
1518	 10	 0	 1
1519	 10	 0	 1
1520	 10	 0	 1
1521	 10	 0	 1
1522	 10	 0	 1
1523	 10	 0	 1
1524	 10	 0	 1
1525	 10	 0	 1
1526	 10	 0	 1
1527	 10	 0	 1
1528	 10	 0	 1
1529	 10	 0	 1
1530	 10	 0	 1
1531	 10	 0	 1
1532	 10	 0	 1
1533	 10	 0	 1
1534	 10	 0	 1
1535	 10	 0	 1
1536	 10	 0	 1
1537	 10	 0	 1
1538	 10	 0	 1
1539	 10	 0	 1
1540	 10	 0	 1
1541	 10	 0	 1
1542	 10	 0	 1
1543	 10	 0	 1
1544	 10	 0	 1
1545	 10	 0	 1
1546	 10	 0	 1
1547	 10	 0	 1
1548	 10	 0	 1
1549	 10	 0	 1
1550	 10	 0	 1
1551	 10	 0	 1
1552	 10	 0	 1
1553	 10	 0	 1
1554	 10	 0	 1
1555	 10	 0	 1
1556	 10	 0	 1
1557	 10	 0	 1
1558	 10	 0	 1
1559	 10	 0	 1
1560	 10	 0	 1
1561	 10	 0	 1
1562	 10	 0	 1
1563	 10	 0	 1
1564	 10	 0	 1
1565	 10	 0	 1
1566	 10	 0	 1
1567	 10	 0	 1
1568	 10	 0	 1
1569	 10	 0	 1
1570	 10	 0	 1
1571	 10	 0	 1
1572	 10	 0	 1
1573	 10	 0	 1
1574	 10	 0	 1
1575	 10	 0	 1
1576	 10	 0	 1
1577	 10	 0	 1
1578	 10	 0	 1
1579	 10	 0	 1
1580	 10	 0	 1
1581	 10	 0	 1
1582	 10	 0	 1
1583	 10	 0	 1
1584	 10	 0	 1
1585	 10	 0	 1
1586	 10	 0	 1
1587	 10	 0	 1
1588	 10	 0	 1
1589	 10	 0	 1
1590	 10	 0	 1
1591	 10	 0	 1
1592	 10	 0	 1
1593	 10	 0	 1
1594	 10	 0	 1
1595	 10	 0	 1
1596	 10	 0	 1
1597	 10	 0	 1
1598	 10	 0	 1
1599	 10	 0	 1
1600	 10	 0	 1
1601	 10	 0	 1
1602	 10	 0	 1
1603	 10	 0	 1
1604	 10	 0	 1
1605	 10	 0	 1
1606	 10	 0	 1
1607	 10	 0	 1
1608	 10	 0	 1
1609	 10	 0	 1
1610	 10	 0	 1
1611	 10	 0	 1
1612	 10	 0	 1
1613	 10	 0	 1
1614	 10	 0	 1
1615	 10	 0	 1
1616	 10	 0	 1
1617	 10	 0	 1
1618	 10	 0	 1
1619	 10	 0	 1
1620	 10	 0	 1
1621	 10	 0	 1
1622	 10	 0	 1
1623	 10	 0	 1
1624	 10	 0	 1
1625	 10	 0	 1
1626	 10	 0	 1
1627	 10	 0	 1
1628	 10	 0	 1
1629	 10	 0	 1
1630	 10	 0	 1
1631	 10	 0	 1
1632	 10	 0	 1
1633	 10	 0	 1
1634	 10	 0	 1
1635	 10	 0	 1
1636	 10	 0	 1
1637	 10	 0	 1
1638	 10	 0	 1
1639	 10	 0	 1
1640	 10	 0	 1
1641	 10	 0	 1
1642	 10	 0	 1
1643	 10	 0	 1
1644	 10	 0	 1
1645	 10	 0	 1
1646	 10	 0	 1
1647	 10	 0	 1
1648	 10	 0	 1
1649	 10	 0	 1
1650	 10	 0	 1
1651	 10	 0	 1
1652	 10	 0	 1
1653	 10	 0	 1
1654	 10	 0	 1
1655	 10	 0	 1
1656	 10	 0	 1
1657	 10	 0	 1
1658	 10	 0	 1
1659	 10	 0	 1
1660	 10	 0	 1
1661	 10	 0	 1
1662	 10	 0	 1
1663	 10	 0	 1
1664	 10	 0	 1
1665	 10	 0	 1
1666	 10	 0	 1
1667	 10	 0	 1
1668	 10	 0	 1
1669	 10	 0	 1
1670	 10	 0	 1
1671	 10	 0	 1
1672	 10	 0	 1
1673	 10	 0	 1
1674	 10	 0	 1
1675	 10	 0	 1
1676	 10	 0	 1
1677	 10	 0	 1
1678	 10	 0	 1
1679	 10	 0	 1
1680	 10	 0	 1
1681	 10	 0	 1
1682	 10	 0	 1
1683	 10	 0	 1
1684	 10	 0	 1
1685	 10	 0	 1
1686	 10	 0	 1
1687	 10	 0	 1
1688	 10	 0	 1
1689	 10	 0	 1
1690	 10	 0	 1
1691	 10	 0	 1
1692	 10	 0	 1
1693	 10	 0	 1
1694	 10	 0	 1
1695	 10	 0	 1
1696	 10	 0	 1
1697	 10	 0	 1
1698	 10	 0	 1
1699	 10	 0	 1
1700	 10	 0	 1
1701	 10	 0	 1
1702	 10	 0	 1
1703	 10	 0	 1
1704	 10	 0	 1
1705	 10	 0	 1
1706	 10	 0	 1
1707	 10	 0	 1
1708	 10	 0	 1
1709	 10	 0	 1
1710	 10	 0	 1
1711	 10	 0	 1
1712	 10	 0	 1
1713	 10	 0	 1
1714	 10	 0	 1
1715	 10	 0	 1
1716	 10	 0	 1
1717	 10	 0	 1
1718	 10	 0	 1
1719	 10	 0	 1
1720	 10	 0	 1
1721	 10	 0	 1
1722	 10	 0	 1
1723	 10	 0	 1
1724	 10	 0	 1
1725	 10	 0	 1
1726	 10	 0	 1
1727	 10	 0	 1
1728	 10	 0	 1
1729	 10	 0	 1
1730	 10	 0	 1
1731	 10	 0	 1
1732	 10	 0	 1
1733	 10	 0	 1
1734	 10	 0	 1
1735	 10	 0	 1
1736	 10	 0	 1
1737	 10	 0	 1
1738	 10	 0	 1
1739	 10	 0	 1
1740	 10	 0	 1
1741	 10	 0	 1
1742	 10	 0	 1
1743	 10	 0	 1
1744	 10	 0	 1
1745	 10	 0	 1
1746	 10	 0	 1
1747	 10	 0	 1
1748	 10	 0	 1
1749	 10	 0	 1
1750	 10	 0	 1
1751	 10	 0	 1
1752	 10	 0	 1
1753	 10	 0	 1
1754	 10	 0	 1
1755	 10	 0	 1
1756	 10	 0	 1
1757	 10	 0	 1
1758	 10	 0	 1
1759	 10	 0	 1
1760	 10	 0	 1
1761	 10	 0	 1
1762	 10	 0	 1
1763	 10	 0	 1
1764	 10	 0	 1
1765	 10	 0	 1
1766	 10	 0	 1
1767	 10	 0	 1
1768	 10	 0	 1
1769	 10	 0	 1
1770	 10	 0	 1
1771	 10	 0	 1
1772	 10	 0	 1
1773	 10	 0	 1
1774	 10	 0	 1
1775	 10	 0	 1
1776	 10	 0	 1
1777	 10	 0	 1
1778	 10	 0	 1
1779	 10	 0	 1
1780	 10	 0	 1
1781	 10	 0	 1
1782	 10	 0	 1
1783	 10	 0	 1
1784	 10	 0	 1
1785	 10	 0	 1
1786	 10	 0	 1
1787	 10	 0	 1
1788	 10	 0	 1
1789	 10	 0	 1
1790	 10	 0	 1
1791	 10	 0	 1
1792	 10	 0	 1
1793	 10	 0	 1
1794	 10	 0	 1
1795	 10	 0	 1
1796	 10	 0	 1
1797	 10	 0	 1
1798	 10	 0	 1
1799	 10	 0	 1
1800	 10	 0	 1
1801	 10	 0	 1
1802	 10	 0	 1
1803	 10	 0	 1
1804	 10	 0	 1
1805	 10	 0	 1
1806	 10	 0	 1
1807	 10	 0	 1
1808	 10	 0	 1
1809	 10	 0	 1
1810	 10	 0	 1
1811	 10	 0	 1
1812	 10	 0	 1
1813	 10	 0	 1
1814	 10	 0	 1
1815	 10	 0	 1
1816	 10	 0	 1
1817	 10	 0	 1
1818	 10	 0	 1
1819	 10	 0	 1
1820	 10	 0	 1
1821	 10	 0	 1
1822	 10	 0	 1
1823	 10	 0	 1
1824	 10	 0	 1
1825	 10	 0	 1
1826	 10	 0	 1
1827	 10	 0	 1
1828	 10	 0	 1
1829	 10	 0	 1
1830	 10	 0	 1
1831	 10	 0	 1
1832	 10	 0	 1
1833	 10	 0	 1
1834	 10	 0	 1
1835	 10	 0	 1
1836	 10	 0	 1
1837	 10	 0	 1
1838	 10	 0	 1
1839	 10	 0	 1
1840	 10	 0	 1
1841	 10	 0	 1
1842	 10	 0	 1
1843	 10	 0	 1
1844	 10	 0	 1
1845	 10	 0	 1
1846	 10	 0	 1
1847	 10	 0	 1
1848	 10	 0	 1
1849	 10	 0	 1
1850	 10	 0	 1
1851	 10	 0	 1
1852	 10	 0	 1
1853	 10	 0	 1
1854	 10	 0	 1
1855	 10	 0	 1
1856	 10	 0	 1
1857	 10	 0	 1
1858	 10	 0	 1
1859	 10	 0	 1
1860	 10	 0	 1
1861	 10	 0	 1
1862	 10	 0	 1
1863	 10	 0	 1
1864	 10	 0	 1
1865	 10	 0	 1
1866	 10	 0	 1
1867	 10	 0	 1
1868	 10	 0	 1
1869	 10	 0	 1
1870	 10	 0	 1
1871	 10	 0	 1
1872	 10	 0	 1
1873	 10	 0	 1
1874	 10	 0	 1
1875	 10	 0	 1
1876	 10	 0	 1
1877	 10	 0	 1
1878	 10	 0	 1
1879	 10	 0	 1
1880	 10	 0	 1
1881	 10	 0	 1
1882	 10	 0	 1
1883	 10	 0	 1
1884	 10	 0	 1
1885	 10	 0	 1
1886	 10	 0	 1
1887	 10	 0	 1
1888	 10	 0	 1
1889	 10	 0	 1
1890	 10	 0	 1
1891	 10	 0	 1
1892	 10	 0	 1
1893	 10	 0	 1
1894	 10	 0	 1
1895	 10	 0	 1
1896	 10	 0	 1
1897	 10	 0	 1
1898	 10	 0	 1
1899	 10	 0	 1
1900	 10	 0	 1
1901	 10	 0	 1
1902	 10	 0	 1
1903	 10	 0	 1
1904	 10	 0	 1
1905	 10	 0	 1
1906	 10	 0	 1
1907	 10	 0	 1
1908	 10	 0	 1
1909	 10	 0	 1
1910	 10	 0	 1
1911	 10	 0	 1
1912	 10	 0	 1
1913	 10	 0	 1
1914	 10	 0	 1
1915	 10	 0	 1
1916	 10	 0	 1
1917	 10	 0	 1
1918	 10	 0	 1
1919	 10	 0	 1
1920	 10	 0	 1
1921	 10	 0	 1
1922	 10	 0	 1
1923	 10	 0	 1
1924	 10	 0	 1
1925	 10	 0	 1
1926	 10	 0	 1
1927	 10	 0	 1
1928	 10	 0	 1
1929	 10	 0	 1
1930	 10	 0	 1
1931	 10	 0	 1
1932	 10	 0	 1
1933	 10	 0	 1
1934	 10	 0	 1
1935	 10	 0	 1
1936	 10	 0	 1
1937	 10	 0	 1
1938	 10	 0	 1
1939	 10	 0	 1
1940	 10	 0	 1
1941	 10	 0	 1
1942	 10	 0	 1
1943	 10	 0	 1
1944	 10	 0	 1
1945	 10	 0	 1
1946	 10	 0	 1
1947	 10	 0	 1
1948	 10	 0	 1
1949	 10	 0	 1
1950	 10	 0	 1
1951	 10	 0	 1
1952	 10	 0	 1
1953	 10	 0	 1
1954	 10	 0	 1
1955	 10	 0	 1
1956	 10	 0	 1
1957	 10	 0	 1
1958	 10	 0	 1
1959	 10	 0	 1
1960	 10	 0	 1
1961	 10	 0	 1
1962	 10	 0	 1
1963	 10	 0	 1
1964	 10	 0	 1
1965	 10	 0	 1
1966	 10	 0	 1
1967	 10	 0	 1
1968	 10	 0	 1
1969	 10	 0	 1
1970	 10	 0	 1
1971	 10	 0	 1
1972	 10	 0	 1
1973	 10	 0	 1
1974	 10	 0	 1
1975	 10	 0	 1
1976	 10	 0	 1
1977	 10	 0	 1
1978	 10	 0	 1
1979	 10	 0	 1
1980	 10	 0	 1
1981	 10	 0	 1
1982	 10	 0	 1
1983	 10	 0	 1
1984	 10	 0	 1
1985	 10	 0	 1
1986	 10	 0	 1
1987	 10	 0	 1
1988	 10	 0	 1
1989	 10	 0	 1
1990	 10	 0	 1
1991	 10	 0	 1
1992	 10	 0	 1
1993	 10	 0	 1
1994	 10	 0	 1
1995	 10	 0	 1
1996	 10	 0	 1
1997	 10	 0	 1
1998	 10	 0	 1
1999	 10	 0	 1
2000	 10	 0	 1
2001	 10	 0	 1
2002	 10	 0	 1
2003	 10	 0	 1
2004	 10	 0	 1
2005	 10	 0	 1
2006	 10	 0	 1
2007	 10	 0	 1
2008	 10	 0	 1
2009	 10	 0	 1
2010	 10	 0	 1
2011	 10	 0	 1
2012	 10	 0	 1
2013	 10	 0	 1
2014	 10	 0	 1
2015	 10	 0	 1
2016	 10	 0	 1
2017	 10	 0	 1
2018	 10	 0	 1
2019	 10	 0	 1
2020	 10	 0	 1
2021	 10	 0	 1
2022	 10	 0	 1
2023	 10	 0	 1
2024	 10	 0	 1
2025	 10	 0	 1
2026	 10	 0	 1
2027	 10	 0	 1
2028	 10	 0	 1
2029	 10	 0	 1
2030	 10	 0	 1
2031	 10	 0	 1
2032	 10	 0	 1
2033	 10	 0	 1
2034	 10	 0	 1
2035	 10	 0	 1
2036	 10	 0	 1
2037	 10	 0	 1
2038	 10	 0	 1
2039	 10	 0	 1
2040	 10	 0	 1
2041	 10	 0	 1
2042	 10	 0	 1
2043	 10	 0	 1
2044	 10	 0	 1
2045	 10	 0	 1
2046	 10	 0	 1
2047	 10	 0	 1
2048	 10	 0	 1
2049	 10	 0	 1
2050	 10	 0	 1
2051	 10	 0	 1
2052	 10	 0	 1
2053	 10	 0	 1
2054	 10	 0	 1
2055	 10	 0	 1
2056	 10	 0	 1
2057	 10	 0	 1
2058	 10	 0	 1
2059	 10	 0	 1
2060	 10	 0	 1
2061	 10	 0	 1
2062	 10	 0	 1
2063	 10	 0	 1
2064	 10	 0	 1
2065	 10	 0	 1
2066	 10	 0	 1
2067	 10	 0	 1
2068	 10	 0	 1
2069	 10	 0	 1
2070	 10	 0	 1
2071	 10	 0	 1
2072	 10	 0	 1
2073	 10	 0	 1
2074	 10	 0	 1
2075	 10	 0	 1
2076	 10	 0	 1
2077	 10	 0	 1
2078	 10	 0	 1
2079	 10	 0	 1
2080	 10	 0	 1
2081	 10	 0	 1
2082	 10	 0	 1
2083	 10	 0	 1
2084	 10	 0	 1
2085	 10	 0	 1
2086	 10	 0	 1
2087	 10	 0	 1
2088	 10	 0	 1
2089	 10	 0	 1
2090	 10	 0	 1
2091	 10	 0	 1
2092	 10	 0	 1
2093	 10	 0	 1
2094	 10	 0	 1
2095	 10	 0	 1
2096	 10	 0	 1
2097	 10	 0	 1
2098	 10	 0	 1
2099	 10	 0	 1
2100	 10	 0	 1
2101	 10	 0	 1
2102	 10	 0	 1
2103	 10	 0	 1
2104	 10	 0	 1
2105	 10	 0	 1
2106	 10	 0	 1
2107	 10	 0	 1
2108	 10	 0	 1
2109	 10	 0	 1
2110	 10	 0	 1
2111	 10	 0	 1
2112	 10	 0	 1
2113	 10	 0	 1
2114	 10	 0	 1
2115	 10	 0	 1
2116	 10	 0	 1
2117	 10	 0	 1
2118	 10	 0	 1
2119	 10	 0	 1
2120	 10	 0	 1
2121	 10	 0	 1
2122	 10	 0	 1
2123	 10	 0	 1
2124	 10	 0	 1
2125	 10	 0	 1
2126	 10	 0	 1
2127	 10	 0	 1
2128	 10	 0	 1
2129	 10	 0	 1
2130	 10	 0	 1
2131	 10	 0	 1
2132	 10	 0	 1
2133	 10	 0	 1
2134	 10	 0	 1
2135	 10	 0	 1
2136	 10	 0	 1
2137	 10	 0	 1
2138	 10	 0	 1
2139	 10	 0	 1
2140	 10	 0	 1
2141	 10	 0	 1
2142	 10	 0	 1
2143	 10	 0	 1
2144	 10	 0	 1
2145	 10	 0	 1
2146	 10	 0	 1
2147	 10	 0	 1
2148	 10	 0	 1
2149	 10	 0	 1
2150	 10	 0	 1
2151	 10	 0	 1
2152	 10	 0	 1
2153	 10	 0	 1
2154	 10	 0	 1
2155	 10	 0	 1
2156	 10	 0	 1
2157	 10	 0	 1
2158	 10	 0	 1
2159	 10	 0	 1
2160	 10	 0	 1
2161	 10	 0	 1
2162	 10	 0	 1
2163	 10	 0	 1
2164	 10	 0	 1
2165	 10	 0	 1
2166	 10	 0	 1
2167	 10	 0	 1
2168	 10	 0	 1
2169	 10	 0	 1
2170	 10	 0	 1
2171	 10	 0	 1
2172	 10	 0	 1
2173	 10	 0	 1
2174	 10	 0	 1
2175	 10	 0	 1
2176	 10	 0	 1
2177	 10	 0	 1
2178	 10	 0	 1
2179	 10	 0	 1
2180	 10	 0	 1
2181	 10	 0	 1
2182	 10	 0	 1
2183	 10	 0	 1
2184	 10	 0	 1
2185	 10	 0	 1
2186	 10	 0	 1
2187	 10	 0	 1
2188	 10	 0	 1
2189	 10	 0	 1
2190	 10	 0	 1
2191	 10	 0	 1
2192	 10	 0	 1
2193	 10	 0	 1
2194	 10	 0	 1
2195	 10	 0	 1
2196	 10	 0	 1
2197	 10	 0	 1
2198	 10	 0	 1
2199	 10	 0	 1
2200	 10	 0	 1
2201	 10	 0	 1
2202	 10	 0	 1
2203	 10	 0	 1
2204	 10	 0	 1
2205	 10	 0	 1
2206	 10	 0	 1
2207	 10	 0	 1
2208	 10	 0	 1
2209	 10	 0	 1
2210	 10	 0	 1
2211	 10	 0	 1
2212	 10	 0	 1
2213	 10	 0	 1
2214	 10	 0	 1
2215	 10	 0	 1
2216	 10	 0	 1
2217	 10	 0	 1
2218	 10	 0	 1
2219	 10	 0	 1
2220	 10	 0	 1
2221	 10	 0	 1
2222	 10	 0	 1
2223	 10	 0	 1
2224	 10	 0	 1
2225	 10	 0	 1
2226	 10	 0	 1
2227	 10	 0	 1
2228	 10	 0	 1
2229	 10	 0	 1
2230	 10	 0	 1
2231	 10	 0	 1
2232	 10	 0	 1
2233	 10	 0	 1
2234	 10	 0	 1
2235	 10	 0	 1
2236	 10	 0	 1
2237	 10	 0	 1
2238	 10	 0	 1
2239	 10	 0	 1
2240	 10	 0	 1
2241	 10	 0	 1
2242	 10	 0	 1
2243	 10	 0	 1
2244	 10	 0	 1
2245	 10	 0	 1
2246	 10	 0	 1
2247	 10	 0	 1
2248	 10	 0	 1
2249	 10	 0	 1
2250	 10	 0	 1
2251	 10	 0	 1
2252	 10	 0	 1
2253	 10	 0	 1
2254	 10	 0	 1
2255	 10	 0	 1
2256	 10	 0	 1
2257	 10	 0	 1
2258	 10	 0	 1
2259	 10	 0	 1
2260	 10	 0	 1
2261	 10	 0	 1
2262	 10	 0	 1
2263	 10	 0	 1
2264	 10	 0	 1
2265	 10	 0	 1
2266	 10	 0	 1
2267	 10	 0	 1
2268	 10	 0	 1
2269	 10	 0	 1
2270	 10	 0	 1
2271	 10	 0	 1
2272	 10	 0	 1
2273	 10	 0	 1
2274	 10	 0	 1
2275	 10	 0	 1
2276	 10	 0	 1
2277	 10	 0	 1
2278	 10	 0	 1
2279	 10	 0	 1
2280	 10	 0	 1
2281	 10	 0	 1
2282	 10	 0	 1
2283	 10	 0	 1
2284	 10	 0	 1
2285	 10	 0	 1
2286	 10	 0	 1
2287	 10	 0	 1
2288	 10	 0	 1
2289	 10	 0	 1
2290	 10	 0	 1
2291	 10	 0	 1
2292	 10	 0	 1
2293	 10	 0	 1
2294	 10	 0	 1
2295	 10	 0	 1
2296	 10	 0	 1
2297	 10	 0	 1
2298	 10	 0	 1
2299	 10	 0	 1
2300	 10	 0	 1
2301	 10	 0	 1
2302	 10	 0	 1
2303	 10	 0	 1
2304	 10	 0	 1
2305	 10	 0	 1
2306	 10	 0	 1
2307	 10	 0	 1
2308	 10	 1.90735e-08	 1
2309	 10	 8.58307e-08	 1
2310	 10	 2.00272e-07	 1
2311	 10	 4.00543e-07	 1
2312	 10	 7.24793e-07	 1
2313	 9.99999	 1.12534e-06	 1
2314	 9.99999	 1.59264e-06	 1
2315	 9.99998	 2.20299e-06	 0.999999
2316	 9.99998	 2.97547e-06	 0.999999
2317	 9.99997	 4.00545e-06	 0.999999
2318	 9.99995	 5.38828e-06	 0.999998
2319	 9.99994	 7.12399e-06	 0.999998
2320	 9.99992	 9.30794e-06	 0.999997
2321	 9.9999	 1.2045e-05	 0.999996
2322	 9.99986	 1.55928e-05	 0.999995
2323	 9.99983	 2.00466e-05	 0.999993
2324	 9.99978	 2.57212e-05	 0.999992
2325	 9.99971	 3.28073e-05	 0.999989
2326	 9.99964	 4.16962e-05	 0.999986
2327	 9.99954	 5.27501e-05	 0.999983
2328	 9.99942	 6.64463e-05	 0.999978
2329	 9.99928	 8.34144e-05	 0.999972
2330	 9.9991	 0.000104256	 0.999965
2331	 9.99887	 0.000129752	 0.999957
2332	 9.99861	 0.00016086	 0.999946
2333	 9.99828	 0.000198561	 0.999934
2334	 9.99788	 0.000244173	 0.999919
2335	 9.99741	 0.000299054	 0.9999
2336	 9.99684	 0.00036481	 0.999879
2337	 9.99617	 0.000443285	 0.999852
2338	 9.99536	 0.00053649	 0.999821
2339	 9.99441	 0.000646781	 0.999784
2340	 9.99329	 0.000776678	 0.999741
2341	 9.99198	 0.000929042	 0.99969
2342	 9.99045	 0.00110695	 0.999631
2343	 9.98866	 0.00131379	 0.999561
2344	 9.9866	 0.00155331	 0.999481
2345	 9.98423	 0.0018294	 0.999389
2346	 9.98151	 0.00214642	 0.999283
2347	 9.9784	 0.00250882	 0.999162
2348	 9.97486	 0.00292143	 0.999024
2349	 9.97085	 0.00338921	 0.998867
2350	 9.96633	 0.00391734	 0.99869
2351	 9.96125	 0.00451127	 0.998491
2352	 9.95556	 0.00517647	 0.998268
2353	 9.94922	 0.00591851	 0.99802
2354	 9.94219	 0.00674305	 0.997744
2355	 9.93441	 0.00765571	 0.997439
2356	 9.92584	 0.00866211	 0.997102
2357	 9.91644	 0.00976766	 0.996732
2358	 9.90615	 0.0109777	 0.996327
2359	 9.89495	 0.0122975	 0.995885
2360	 9.8828	 0.0137317	 0.995406
2361	 9.86965	 0.015285	 0.994886
2362	 9.85548	 0.0169617	 0.994326
2363	 9.84025	 0.0187657	 0.993723
2364	 9.82395	 0.0207005	 0.993076
2365	 9.80655	 0.0227693	 0.992385
2366	 9.78803	 0.0249747	 0.991649
2367	 9.76837	 0.0273188	 0.990866
2368	 9.74758	 0.0298037	 0.990037
2369	 9.72565	 0.0324305	 0.989161
2370	 9.70256	 0.0352002	 0.988238
2371	 9.67834	 0.0381133	 0.987268
2372	 9.65298	 0.0411697	 0.98625
2373	 9.62649	 0.0443692	 0.985186
2374	 9.59889	 0.0477111	 0.984075
2375	 9.57019	 0.0511942	 0.982917
2376	 9.54042	 0.0548172	 0.981714
2377	 9.5096	 0.0585784	 0.980467
2378	 9.47774	 0.0624756	 0.979175
2379	 9.44489	 0.0665068	 0.977839
2380	 9.41106	 0.0706695	 0.976461
2381	 9.37629	 0.0749611	 0.975042
2382	 9.34061	 0.0793787	 0.973582
2383	 9.30404	 0.0839194	 0.972083
2384	 9.26664	 0.0885802	 0.970546
2385	 9.22842	 0.093358	 0.968972
2386	 9.18942	 0.0982494	 0.967362
2387	 9.14969	 0.103251	 0.965717
2388	 9.10924	 0.10836	 0.964038
2389	 9.06812	 0.113573	 0.962327
2390	 9.02636	 0.118887	 0.960585
2391	 8.984	 0.124297	 0.958813
2392	 8.94106	 0.129802	 0.957013
2393	 8.89759	 0.135398	 0.955184
2394	 8.8536	 0.141081	 0.953329
2395	 8.80914	 0.146849	 0.951448
2396	 8.76424	 0.152698	 0.949543
2397	 8.71891	 0.158626	 0.947615
2398	 8.67321	 0.16463	 0.945664
2399	 8.62714	 0.170706	 0.943692
2400	 8.58074	 0.176852	 0.9417
2401	 8.53403	 0.183066	 0.939688
2402	 8.48705	 0.189344	 0.937658
2403	 8.4398	 0.195685	 0.935611
2404	 8.39233	 0.202085	 0.933546
2405	 8.34464	 0.208543	 0.931466
2406	 8.29677	 0.215056	 0.929371
2407	 8.24873	 0.221622	 0.927261
2408	 8.20054	 0.228239	 0.925138
2409	 8.15222	 0.234905	 0.923002
2410	 8.10379	 0.241617	 0.920853
2411	 8.05527	 0.248375	 0.918694
2412	 8.00667	 0.255175	 0.916523
2413	 7.95802	 0.262017	 0.914342
2414	 7.90932	 0.268898	 0.912152
2415	 7.86058	 0.275818	 0.909952
2416	 7.81184	 0.282774	 0.907744
2417	 7.76309	 0.289764	 0.905528
2418	 7.71435	 0.296788	 0.903305
2419	 7.66564	 0.303845	 0.901074
2420	 7.61696	 0.310931	 0.898837
2421	 7.56832	 0.318047	 0.896594
2422	 7.51975	 0.325192	 0.894346
2423	 7.47124	 0.332363	 0.892092
2424	 7.4228	 0.339559	 0.889833
2425	 7.37446	 0.346781	 0.88757
2426	 7.32621	 0.354025	 0.885303
2427	 7.27806	 0.361292	 0.883032
2428	 7.23002	 0.36858	 0.880758
2429	 7.1821	 0.375889	 0.878481
2430	 7.13431	 0.383216	 0.876201
2431	 7.08666	 0.390562	 0.873919
2432	 7.03914	 0.397926	 0.871635
2433	 6.99178	 0.405306	 0.86935
2434	 6.94456	 0.412701	 0.867063
2435	 6.89751	 0.420112	 0.864775
2436	 6.85063	 0.427536	 0.862486
2437	 6.80391	 0.434973	 0.860197
2438	 6.75738	 0.442422	 0.857907
2439	 6.71102	 0.449883	 0.855617
2440	 6.66486	 0.457354	 0.853328
2441	 6.61889	 0.464835	 0.851039
2442	 6.57311	 0.472325	 0.848751
2443	 6.52754	 0.479823	 0.846465
2444	 6.48217	 0.487329	 0.844179
2445	 6.43702	 0.494841	 0.841895
2446	 6.39208	 0.502359	 0.839613
2447	 6.34736	 0.509882	 0.837333
2448	 6.30287	 0.517409	 0.835055
2449	 6.2586	 0.52494	 0.832779
2450	 6.21457	 0.532473	 0.830507
2451	 6.17077	 0.540008	 0.828238
2452	 6.12721	 0.547544	 0.825971
2453	 6.0839	 0.55508	 0.823709
2454	 6.04083	 0.562615	 0.821451
2455	 5.99802	 0.570149	 0.819196
2456	 5.95546	 0.57768	 0.816946
2457	 5.91316	 0.585207	 0.8147
2458	 5.87113	 0.59273	 0.81246
2459	 5.82937	 0.600247	 0.810225
2460	 5.78788	 0.607758	 0.807995
2461	 5.74667	 0.615261	 0.805772
2462	 5.70573	 0.622756	 0.803554
2463	 5.66509	 0.63024	 0.801343
2464	 5.62473	 0.637713	 0.799139
2465	 5.58467	 0.645174	 0.796942
2466	 5.54491	 0.652621	 0.794753
2467	 5.50546	 0.660054	 0.792572
2468	 5.46632	 0.667469	 0.790399
2469	 5.4275	 0.674866	 0.788235
2470	 5.38899	 0.682244	 0.786081
2471	 5.35082	 0.6896	 0.783936
2472	 5.31298	 0.696933	 0.781801
2473	 5.27548	 0.704241	 0.779677
2474	 5.23834	 0.711523	 0.777565
2475	 5.20154	 0.718775	 0.775464
2476	 5.16511	 0.725996	 0.773376
2477	 5.12905	 0.733184	 0.7713
2478	 5.09337	 0.740336	 0.769239
2479	 5.05808	 0.747449	 0.767192
2480	 5.02319	 0.754521	 0.76516
2481	 4.9887	 0.76155	 0.763144
2482	 4.95463	 0.768532	 0.761145
2483	 4.92099	 0.775463	 0.759163
2484	 4.88779	 0.782342	 0.7572
2485	 4.85504	 0.789164	 0.755256
2486	 4.82275	 0.795925	 0.753333
2487	 4.79094	 0.802623	 0.751431
2488	 4.75962	 0.809252	 0.749552
2489	 4.7288	 0.815809	 0.747696
2490	 4.6985	 0.822289	 0.745864
2491	 4.66873	 0.828688	 0.744059
2492	 4.63951	 0.835	 0.742281
2493	 4.61085	 0.841222	 0.740532
2494	 4.58277	 0.847348	 0.738813
2495	 4.55529	 0.853373	 0.737125
2496	 4.52843	 0.859291	 0.73547
2497	 4.5022	 0.865096	 0.73385
2498	 4.47661	 0.870784	 0.732265
2499	 4.4517	 0.876348	 0.730718
2500	 4.42747	 0.881783	 0.729209
2501	 4.40394	 0.887082	 0.727741
2502	 4.38113	 0.89224	 0.726315
2503	 4.35906	 0.897252	 0.724933
2504	 4.33773	 0.902112	 0.723596
2505	 4.31718	 0.906813	 0.722306
2506	 4.2974	 0.911353	 0.721063
2507	 4.27842	 0.915724	 0.71987
2508	 4.26024	 0.919923	 0.718727
2509	 4.24287	 0.923947	 0.717636
2510	 4.22631	 0.927791	 0.716597
2511	 4.21058	 0.931452	 0.715611
2512	 4.19567	 0.93493	 0.714679
2513	 4.18158	 0.938221	 0.713802
2514	 4.1683	 0.941326	 0.712978
2515	 4.15583	 0.944245	 0.71221
2516	 4.14416	 0.946978	 0.711495
2517	 4.13327	 0.949527	 0.710834
2518	 4.12315	 0.951897	 0.710226
2519	 4.11376	 0.954089	 0.70967
2520	 4.1051	 0.956109	 0.709165
2521	 4.09713	 0.957962	 0.708709
2522	 4.08982	 0.959654	 0.7083
2523	 4.08314	 0.961192	 0.707937
2524	 4.07706	 0.962584	 0.707618
2525	 4.07154	 0.963836	 0.707341
2526	 4.06655	 0.964958	 0.707103
2527	 4.06204	 0.965958	 0.706902
2528	 4.05798	 0.966844	 0.706736
2529	 4.05434	 0.967625	 0.706603
2530	 4.05107	 0.96831	 0.706499
2531	 4.04814	 0.968908	 0.706424
2532	 4.04551	 0.969426	 0.706375
2533	 4.04316	 0.969873	 0.706349
2534	 4.04104	 0.970256	 0.706346
2535	 4.03912	 0.970582	 0.706362
2536	 4.03739	 0.970859	 0.706396
2537	 4.03581	 0.971091	 0.706448
2538	 4.03435	 0.971286	 0.706514
2539	 4.033	 0.971447	 0.706596
2540	 4.03173	 0.971581	 0.706691
2541	 4.03053	 0.97169	 0.706798
2542	 4.02937	 0.971779	 0.706918
2543	 4.02824	 0.971851	 0.70705
2544	 4.02713	 0.971909	 0.707194
2545	 4.02602	 0.971955	 0.70735
2546	 4.02489	 0.971992	 0.707517
2547	 4.02374	 0.97202	 0.707698
2548	 4.02255	 0.972043	 0.707892
2549	 4.02131	 0.972062	 0.7081
2550	 4.02	 0.972077	 0.708325
2551	 4.01861	 0.97209	 0.708567
2552	 4.01713	 0.972102	 0.708829
2553	 4.01553	 0.972113	 0.709114
2554	 4.01379	 0.972124	 0.709424
2555	 4.0119	 0.972136	 0.709764
2556	 4.00982	 0.97215	 0.710137
2557	 4.00752	 0.972166	 0.71055
2558	 4.00498	 0.972185	 0.711008
2559	 4.00214	 0.972208	 0.711519
2560	 3.99897	 0.972235	 0.712091
2561	 3.99541	 0.972268	 0.712733
2562	 3.99139	 0.972306	 0.713458
2563	 3.98686	 0.972351	 0.714277
2564	 3.98172	 0.972404	 0.715205
2565	 3.9759	 0.972466	 0.71626
2566	 3.9693	 0.972538	 0.717458
2567	 3.96181	 0.972621	 0.718821
2568	 3.95333	 0.972715	 0.720372
2569	 3.94371	 0.972822	 0.722135
2570	 3.93284	 0.972943	 0.724138
2571	 3.92058	 0.973079	 0.72641
2572	 3.90678	 0.97323	 0.728983
2573	 3.8913	 0.973398	 0.73189
2574	 3.874	 0.973582	 0.735167
2575	 3.85472	 0.973784	 0.738849
2576	 3.83335	 0.974003	 0.742975
2577	 3.80976	 0.974239	 0.747583
2578	 3.78383	 0.974492	 0.752712
2579	 3.75548	 0.97476	 0.7584
2580	 3.72464	 0.975044	 0.764685
2581	 3.69127	 0.97534	 0.771603
2582	 3.65536	 0.975649	 0.779188
2583	 3.61694	 0.975966	 0.78747
2584	 3.57606	 0.976291	 0.796477
2585	 3.5328	 0.976619	 0.806231
2586	 3.48731	 0.976949	 0.816751
2587	 3.43974	 0.977276	 0.828049
2588	 3.39029	 0.977597	 0.84013
2589	 3.33917	 0.977909	 0.852992
2590	 3.28663	 0.978208	 0.866627
2591	 3.23295	 0.97849	 0.881017
2592	 3.1784	 0.978752	 0.896136
2593	 3.12329	 0.97899	 0.911949
2594	 3.06789	 0.979201	 0.928413
2595	 3.01252	 0.979381	 0.945475
2596	 2.95746	 0.979529	 0.963074
2597	 2.90299	 0.979642	 0.981142
2598	 2.84937	 0.979718	 0.999602
2599	 2.79685	 0.979757	 1.01837
2600	 2.74564	 0.979757	 1.03736
2601	 2.69595	 0.979718	 1.05648
2602	 2.64795	 0.97964	 1.07563
2603	 2.60178	 0.979526	 1.09471
2604	 2.55757	 0.979376	 1.11363
2605	 2.51542	 0.979193	 1.13229
2606	 2.47538	 0.978979	 1.1506
2607	 2.43752	 0.978736	 1.16847
2608	 2.40186	 0.978469	 1.18582
2609	 2.36839	 0.978181	 1.20258
2610	 2.33712	 0.977876	 1.21867
2611	 2.308	 0.977557	 1.23405
2612	 2.28099	 0.977228	 1.24867
2613	 2.25604	 0.976893	 1.26248
2614	 2.23308	 0.976556	 1.27547
2615	 2.21202	 0.97622	 1.28761
2616	 2.19279	 0.975888	 1.29891
2617	 2.17529	 0.975563	 1.30936
2618	 2.15943	 0.975248	 1.31899
2619	 2.14512	 0.974945	 1.3278
2620	 2.13224	 0.974656	 1.33582
2621	 2.12072	 0.974382	 1.34309
2622	 2.11043	 0.974125	 1.34964
2623	 2.1013	 0.973884	 1.35552
2624	 2.09322	 0.973661	 1.36076
2625	 2.0861	 0.973456	 1.36541
2626	 2.07986	 0.973268	 1.36952
2627	 2.0744	 0.973097	 1.37313
2628	 2.06967	 0.972942	 1.37628
2629	 2.06556	 0.972804	 1.37902
2630	 2.06203	 0.972681	 1.38139
2631	 2.059	 0.972572	 1.38343
2632	 2.05642	 0.972476	 1.38518
2633	 2.05423	 0.972393	 1.38667
2634	 2.05238	 0.97232	 1.38793
2635	 2.05082	 0.972258	 1.38899
2636	 2.04952	 0.972205	 1.38988
2637	 2.04844	 0.972161	 1.39062
2638	 2.04756	 0.972124	 1.39123
2639	 2.04683	 0.972093	 1.39174
2640	 2.04623	 0.972069	 1.39215
2641	 2.04576	 0.972049	 1.39249
2642	 2.04537	 0.972034	 1.39276
2643	 2.04507	 0.972023	 1.39298
2644	 2.04484	 0.972016	 1.39315
2645	 2.04465	 0.972011	 1.39328
2646	 2.04452	 0.972009	 1.39339
2647	 2.04441	 0.972009	 1.39347
2648	 2.04434	 0.972011	 1.39353
2649	 2.04429	 0.972015	 1.39358
2650	 2.04427	 0.97202	 1.39361
2651	 2.04425	 0.972027	 1.39364
2652	 2.04425	 0.972035	 1.39365
2653	 2.04426	 0.972044	 1.39367
2654	 2.04427	 0.972054	 1.39367
2655	 2.04429	 0.972065	 1.39368
2656	 2.04432	 0.972076	 1.39368
2657	 2.04435	 0.972089	 1.39368
2658	 2.04438	 0.972102	 1.39368
2659	 2.04441	 0.972115	 1.39367
2660	 2.04444	 0.97213	 1.39367
2661	 2.04448	 0.972144	 1.39367
2662	 2.04451	 0.972158	 1.39367
2663	 2.04455	 0.972172	 1.39366
2664	 2.04458	 0.972185	 1.39366
2665	 2.04461	 0.972195	 1.39365
2666	 2.04463	 0.972202	 1.39365
2667	 2.04465	 0.972203	 1.39364
2668	 2.04465	 0.972195	 1.39363
2669	 2.04463	 0.972172	 1.39361
2670	 2.04459	 0.972129	 1.39359
2671	 2.04449	 0.972053	 1.39355
2672	 2.04433	 0.971928	 1.39349
2673	 2.04407	 0.971731	 1.39341
2674	 2.04366	 0.971427	 1.39327
2675	 2.04303	 0.970963	 1.39308
2676	 2.04207	 0.970262	 1.39278
2677	 2.04062	 0.969209	 1.39234
2678	 2.03846	 0.967637	 1.39169
2679	 2.03524	 0.965301	 1.39073
2680	 2.03048	 0.96184	 1.3893
2681	 2.02346	 0.956733	 1.38719
2682	 2.01318	 0.949232	 1.3841
2683	 1.99826	 0.938279	 1.37959
2684	 1.97682	 0.922412	 1.37305
2685	 1.94645	 0.899681	 1.36366
2686	 1.90432	 0.867619	 1.35041
2687	 1.8475	 0.823363	 1.33209
2688	 1.77371	 0.76407	 1.30746
2689	 1.68253	 0.687763	 1.27566
2690	 1.57666	 0.594661	 1.23676
2691	 1.46264	 0.488626	 1.19243
2692	 1.35006	 0.377793	 1.14632
2693	 1.24895	 0.273119	 1.10337
2694	 1.16666	 0.184636	 1.06794
2695	 1.10571	 0.117592	 1.042
2696	 1.0642	 0.0714467	 1.02483
2697	 1.03776	 0.0419793	 1.01427
2698	 1.02173	 0.02413	 1.00807
2699	 1.01234	 0.0136832	 1.00453
2700	 1.00694	 0.00769671	 1.00253
2701	 1.00389	 0.00430901	 1.00141
2702	 1.00217	 0.00240585	 1.00079
2703	 1.00121	 0.00134111	 1.00044
2704	 1.00067	 0.000746879	 1.00024
2705	 1.00038	 0.000415693	 1.00013
2706	 1.00021	 0.000231253	 1.00007
2707	 1.00012	 0.000128588	 1.00004
2708	 1.00006	 7.13898e-05	 1.00002
2709	 1.00004	 3.95999e-05	 1.00001
2710	 1.00002	 2.19102e-05	 1.00001
2711	 1.00001	 1.20758e-05	 1
2712	 1.00001	 6.628e-06	 1
2713	 1	 3.58819e-06	 1
2714	 1	 1.89542e-06	 1
2715	 1	 9.89436e-07	 1
2716	 1	 4.64916e-07	 1
2717	 1	 2.02656e-07	 1
2718	 1	 8.34465e-08	 1
2719	 1	 0	 1
2720	 1	 0	 1
2721	 1	 0	 1
2722	 1	 0	 1
2723	 1	 0	 1
2724	 1	 0	 1
2725	 1	 0	 1
2726	 1	 0	 1
2727	 1	 0	 1
2728	 1	 0	 1
2729	 1	 0	 1
2730	 1	 0	 1
2731	 1	 0	 1
2732	 1	 0	 1
2733	 1	 0	 1
2734	 1	 0	 1
2735	 1	 0	 1
2736	 1	 0	 1
2737	 1	 0	 1
2738	 1	 0	 1
2739	 1	 0	 1
2740	 1	 0	 1
2741	 1	 0	 1
2742	 1	 0	 1
2743	 1	 0	 1
2744	 1	 0	 1
2745	 1	 0	 1
2746	 1	 0	 1
2747	 1	 0	 1
2748	 1	 0	 1
2749	 1	 0	 1
2750	 1	 0	 1
2751	 1	 0	 1
2752	 1	 0	 1
2753	 1	 0	 1
2754	 1	 0	 1
2755	 1	 0	 1
2756	 1	 0	 1
2757	 1	 0	 1
2758	 1	 0	 1
2759	 1	 0	 1
2760	 1	 0	 1
2761	 1	 0	 1
2762	 1	 0	 1
2763	 1	 0	 1
2764	 1	 0	 1
2765	 1	 0	 1
2766	 1	 0	 1
2767	 1	 0	 1
2768	 1	 0	 1
2769	 1	 0	 1
2770	 1	 0	 1
2771	 1	 0	 1
2772	 1	 0	 1
2773	 1	 0	 1
2774	 1	 0	 1
2775	 1	 0	 1
2776	 1	 0	 1
2777	 1	 0	 1
2778	 1	 0	 1
2779	 1	 0	 1
2780	 1	 0	 1
2781	 1	 0	 1
2782	 1	 0	 1
2783	 1	 0	 1
2784	 1	 0	 1
2785	 1	 0	 1
2786	 1	 0	 1
2787	 1	 0	 1
2788	 1	 0	 1
2789	 1	 0	 1
2790	 1	 0	 1
2791	 1	 0	 1
2792	 1	 0	 1
2793	 1	 0	 1
2794	 1	 0	 1
2795	 1	 0	 1
2796	 1	 0	 1
2797	 1	 0	 1
2798	 1	 0	 1
2799	 1	 0	 1
2800	 1	 0	 1
2801	 1	 0	 1
2802	 1	 0	 1
2803	 1	 0	 1
2804	 1	 0	 1
2805	 1	 0	 1
2806	 1	 0	 1
2807	 1	 0	 1
2808	 1	 0	 1
2809	 1	 0	 1
2810	 1	 0	 1
2811	 1	 0	 1
2812	 1	 0	 1
2813	 1	 0	 1
2814	 1	 0	 1
2815	 1	 0	 1
2816	 1	 0	 1
2817	 1	 0	 1
2818	 1	 0	 1
2819	 1	 0	 1
2820	 1	 0	 1
2821	 1	 0	 1
2822	 1	 0	 1
2823	 1	 0	 1
2824	 1	 0	 1
2825	 1	 0	 1
2826	 1	 0	 1
2827	 1	 0	 1
2828	 1	 0	 1
2829	 1	 0	 1
2830	 1	 0	 1
2831	 1	 0	 1
2832	 1	 0	 1
2833	 1	 0	 1
2834	 1	 0	 1
2835	 1	 0	 1
2836	 1	 0	 1
2837	 1	 0	 1
2838	 1	 0	 1
2839	 1	 0	 1
2840	 1	 0	 1
2841	 1	 0	 1
2842	 1	 0	 1
2843	 1	 0	 1
2844	 1	 0	 1
2845	 1	 0	 1
2846	 1	 0	 1
2847	 1	 0	 1
2848	 1	 0	 1
2849	 1	 0	 1
2850	 1	 0	 1
2851	 1	 0	 1
2852	 1	 0	 1
2853	 1	 0	 1
2854	 1	 0	 1
2855	 1	 0	 1
2856	 1	 0	 1
2857	 1	 0	 1
2858	 1	 0	 1
2859	 1	 0	 1
2860	 1	 0	 1
2861	 1	 0	 1
2862	 1	 0	 1
2863	 1	 0	 1
2864	 1	 0	 1
2865	 1	 0	 1
2866	 1	 0	 1
2867	 1	 0	 1
2868	 1	 0	 1
2869	 1	 0	 1
2870	 1	 0	 1
2871	 1	 0	 1
2872	 1	 0	 1
2873	 1	 0	 1
2874	 1	 0	 1
2875	 1	 0	 1
2876	 1	 0	 1
2877	 1	 0	 1
2878	 1	 0	 1
2879	 1	 0	 1
2880	 1	 0	 1
2881	 1	 0	 1
2882	 1	 0	 1
2883	 1	 0	 1
2884	 1	 0	 1
2885	 1	 0	 1
2886	 1	 0	 1
2887	 1	 0	 1
2888	 1	 0	 1
2889	 1	 0	 1
2890	 1	 0	 1
2891	 1	 0	 1
2892	 1	 0	 1
2893	 1	 0	 1
2894	 1	 0	 1
2895	 1	 0	 1
2896	 1	 0	 1
2897	 1	 0	 1
2898	 1	 0	 1
2899	 1	 0	 1
2900	 1	 0	 1
2901	 1	 0	 1
2902	 1	 0	 1
2903	 1	 0	 1
2904	 1	 0	 1
2905	 1	 0	 1
2906	 1	 0	 1
2907	 1	 0	 1
2908	 1	 0	 1
2909	 1	 0	 1
2910	 1	 0	 1
2911	 1	 0	 1
2912	 1	 0	 1
2913	 1	 0	 1
2914	 1	 0	 1
2915	 1	 0	 1
2916	 1	 0	 1
2917	 1	 0	 1
2918	 1	 0	 1
2919	 1	 0	 1
2920	 1	 0	 1
2921	 1	 0	 1
2922	 1	 0	 1
2923	 1	 0	 1
2924	 1	 0	 1
2925	 1	 0	 1
2926	 1	 0	 1
2927	 1	 0	 1
2928	 1	 0	 1
2929	 1	 0	 1
2930	 1	 0	 1
2931	 1	 0	 1
2932	 1	 0	 1
2933	 1	 0	 1
2934	 1	 0	 1
2935	 1	 0	 1
2936	 1	 0	 1
2937	 1	 0	 1
2938	 1	 0	 1
2939	 1	 0	 1
2940	 1	 0	 1
2941	 1	 0	 1
2942	 1	 0	 1
2943	 1	 0	 1
2944	 1	 0	 1
2945	 1	 0	 1
2946	 1	 0	 1
2947	 1	 0	 1
2948	 1	 0	 1
2949	 1	 0	 1
2950	 1	 0	 1
2951	 1	 0	 1
2952	 1	 0	 1
2953	 1	 0	 1
2954	 1	 0	 1
2955	 1	 0	 1
2956	 1	 0	 1
2957	 1	 0	 1
2958	 1	 0	 1
2959	 1	 0	 1
2960	 1	 0	 1
2961	 1	 0	 1
2962	 1	 0	 1
2963	 1	 0	 1
2964	 1	 0	 1
2965	 1	 0	 1
2966	 1	 0	 1
2967	 1	 0	 1
2968	 1	 0	 1
2969	 1	 0	 1
2970	 1	 0	 1
2971	 1	 0	 1
2972	 1	 0	 1
2973	 1	 0	 1
2974	 1	 0	 1
2975	 1	 0	 1
2976	 1	 0	 1
2977	 1	 0	 1
2978	 1	 0	 1
2979	 1	 0	 1
2980	 1	 0	 1
2981	 1	 0	 1
2982	 1	 0	 1
2983	 1	 0	 1
2984	 1	 0	 1
2985	 1	 0	 1
2986	 1	 0	 1
2987	 1	 0	 1
2988	 1	 0	 1
2989	 1	 0	 1
2990	 1	 0	 1
2991	 1	 0	 1
2992	 1	 0	 1
2993	 1	 0	 1
2994	 1	 0	 1
2995	 1	 0	 1
2996	 1	 0	 1
2997	 1	 0	 1
2998	 1	 0	 1
2999	 1	 0	 1
3000	 1	 0	 1
3001	 1	 0	 1
3002	 1	 0	 1
3003	 1	 0	 1
3004	 1	 0	 1
3005	 1	 0	 1
3006	 1	 0	 1
3007	 1	 0	 1
3008	 1	 0	 1
3009	 1	 0	 1
3010	 1	 0	 1
3011	 1	 0	 1
3012	 1	 0	 1
3013	 1	 0	 1
3014	 1	 0	 1
3015	 1	 0	 1
3016	 1	 0	 1
3017	 1	 0	 1
3018	 1	 0	 1
3019	 1	 0	 1
3020	 1	 0	 1
3021	 1	 0	 1
3022	 1	 0	 1
3023	 1	 0	 1
3024	 1	 0	 1
3025	 1	 0	 1
3026	 1	 0	 1
3027	 1	 0	 1
3028	 1	 0	 1
3029	 1	 0	 1
3030	 1	 0	 1
3031	 1	 0	 1
3032	 1	 0	 1
3033	 1	 0	 1
3034	 1	 0	 1
3035	 1	 0	 1
3036	 1	 0	 1
3037	 1	 0	 1
3038	 1	 0	 1
3039	 1	 0	 1
3040	 1	 0	 1
3041	 1	 0	 1
3042	 1	 0	 1
3043	 1	 0	 1
3044	 1	 0	 1
3045	 1	 0	 1
3046	 1	 0	 1
3047	 1	 0	 1
3048	 1	 0	 1
3049	 1	 0	 1
3050	 1	 0	 1
3051	 1	 0	 1
3052	 1	 0	 1
3053	 1	 0	 1
3054	 1	 0	 1
3055	 1	 0	 1
3056	 1	 0	 1
3057	 1	 0	 1
3058	 1	 0	 1
3059	 1	 0	 1
3060	 1	 0	 1
3061	 1	 0	 1
3062	 1	 0	 1
3063	 1	 0	 1
3064	 1	 0	 1
3065	 1	 0	 1
3066	 1	 0	 1
3067	 1	 0	 1
3068	 1	 0	 1
3069	 1	 0	 1
3070	 1	 0	 1
3071	 1	 0	 1
3072	 1	 0	 1
3073	 1	 0	 1
3074	 1	 0	 1
3075	 1	 0	 1
3076	 1	 0	 1
3077	 1	 0	 1
3078	 1	 0	 1
3079	 1	 0	 1
3080	 1	 0	 1
3081	 1	 0	 1
3082	 1	 0	 1
3083	 1	 0	 1
3084	 1	 0	 1
3085	 1	 0	 1
3086	 1	 0	 1
3087	 1	 0	 1
3088	 1	 0	 1
3089	 1	 0	 1
3090	 1	 0	 1
3091	 1	 0	 1
3092	 1	 0	 1
3093	 1	 0	 1
3094	 1	 0	 1
3095	 1	 0	 1
3096	 1	 0	 1
3097	 1	 0	 1
3098	 1	 0	 1
3099	 1	 0	 1
3100	 1	 0	 1
3101	 1	 0	 1
3102	 1	 0	 1
3103	 1	 0	 1
3104	 1	 0	 1
3105	 1	 0	 1
3106	 1	 0	 1
3107	 1	 0	 1
3108	 1	 0	 1
3109	 1	 0	 1
3110	 1	 0	 1
3111	 1	 0	 1
3112	 1	 0	 1
3113	 1	 0	 1
3114	 1	 0	 1
3115	 1	 0	 1
3116	 1	 0	 1
3117	 1	 0	 1
3118	 1	 0	 1
3119	 1	 0	 1
3120	 1	 0	 1
3121	 1	 0	 1
3122	 1	 0	 1
3123	 1	 0	 1
3124	 1	 0	 1
3125	 1	 0	 1
3126	 1	 0	 1
3127	 1	 0	 1
3128	 1	 0	 1
3129	 1	 0	 1
3130	 1	 0	 1
3131	 1	 0	 1
3132	 1	 0	 1
3133	 1	 0	 1
3134	 1	 0	 1
3135	 1	 0	 1
3136	 1	 0	 1
3137	 1	 0	 1
3138	 1	 0	 1
3139	 1	 0	 1
3140	 1	 0	 1
3141	 1	 0	 1
3142	 1	 0	 1
3143	 1	 0	 1
3144	 1	 0	 1
3145	 1	 0	 1
3146	 1	 0	 1
3147	 1	 0	 1
3148	 1	 0	 1
3149	 1	 0	 1
3150	 1	 0	 1
3151	 1	 0	 1
3152	 1	 0	 1
3153	 1	 0	 1
3154	 1	 0	 1
3155	 1	 0	 1
3156	 1	 0	 1
3157	 1	 0	 1
3158	 1	 0	 1
3159	 1	 0	 1
3160	 1	 0	 1
3161	 1	 0	 1
3162	 1	 0	 1
3163	 1	 0	 1
3164	 1	 0	 1
3165	 1	 0	 1
3166	 1	 0	 1
3167	 1	 0	 1
3168	 1	 0	 1
3169	 1	 0	 1
3170	 1	 0	 1
3171	 1	 0	 1
3172	 1	 0	 1
3173	 1	 0	 1
3174	 1	 0	 1
3175	 1	 0	 1
3176	 1	 0	 1
3177	 1	 0	 1
3178	 1	 0	 1
3179	 1	 0	 1
3180	 1	 0	 1
3181	 1	 0	 1
3182	 1	 0	 1
3183	 1	 0	 1
3184	 1	 0	 1
3185	 1	 0	 1
3186	 1	 0	 1
3187	 1	 0	 1
3188	 1	 0	 1
3189	 1	 0	 1
3190	 1	 0	 1
3191	 1	 0	 1
3192	 1	 0	 1
3193	 1	 0	 1
3194	 1	 0	 1
3195	 1	 0	 1
3196	 1	 0	 1
3197	 1	 0	 1
3198	 1	 0	 1
3199	 1	 0	 1
3200	 1	 0	 1
3201	 1	 0	 1
3202	 1	 0	 1
3203	 1	 0	 1
3204	 1	 0	 1
3205	 1	 0	 1
3206	 1	 0	 1
3207	 1	 0	 1
3208	 1	 0	 1
3209	 1	 0	 1
3210	 1	 0	 1
3211	 1	 0	 1
3212	 1	 0	 1
3213	 1	 0	 1
3214	 1	 0	 1
3215	 1	 0	 1
3216	 1	 0	 1
3217	 1	 0	 1
3218	 1	 0	 1
3219	 1	 0	 1
3220	 1	 0	 1
3221	 1	 0	 1
3222	 1	 0	 1
3223	 1	 0	 1
3224	 1	 0	 1
3225	 1	 0	 1
3226	 1	 0	 1
3227	 1	 0	 1
3228	 1	 0	 1
3229	 1	 0	 1
3230	 1	 0	 1
3231	 1	 0	 1
3232	 1	 0	 1
3233	 1	 0	 1
3234	 1	 0	 1
3235	 1	 0	 1
3236	 1	 0	 1
3237	 1	 0	 1
3238	 1	 0	 1
3239	 1	 0	 1
3240	 1	 0	 1
3241	 1	 0	 1
3242	 1	 0	 1
3243	 1	 0	 1
3244	 1	 0	 1
3245	 1	 0	 1
3246	 1	 0	 1
3247	 1	 0	 1
3248	 1	 0	 1
3249	 1	 0	 1
3250	 1	 0	 1
3251	 1	 0	 1
3252	 1	 0	 1
3253	 1	 0	 1
3254	 1	 0	 1
3255	 1	 0	 1
3256	 1	 0	 1
3257	 1	 0	 1
3258	 1	 0	 1
3259	 1	 0	 1
3260	 1	 0	 1
3261	 1	 0	 1
3262	 1	 0	 1
3263	 1	 0	 1
3264	 1	 0	 1
3265	 1	 0	 1
3266	 1	 0	 1
3267	 1	 0	 1
3268	 1	 0	 1
3269	 1	 0	 1
3270	 1	 0	 1
3271	 1	 0	 1
3272	 1	 0	 1
3273	 1	 0	 1
3274	 1	 0	 1
3275	 1	 0	 1
3276	 1	 0	 1
3277	 1	 0	 1
3278	 1	 0	 1
3279	 1	 0	 1
3280	 1	 0	 1
3281	 1	 0	 1
3282	 1	 0	 1
3283	 1	 0	 1
3284	 1	 0	 1
3285	 1	 0	 1
3286	 1	 0	 1
3287	 1	 0	 1
3288	 1	 0	 1
3289	 1	 0	 1
3290	 1	 0	 1
3291	 1	 0	 1
3292	 1	 0	 1
3293	 1	 0	 1
3294	 1	 0	 1
3295	 1	 0	 1
3296	 1	 0	 1
3297	 1	 0	 1
3298	 1	 0	 1
3299	 1	 0	 1
3300	 1	 0	 1
3301	 1	 0	 1
3302	 1	 0	 1
3303	 1	 0	 1
3304	 1	 0	 1
3305	 1	 0	 1
3306	 1	 0	 1
3307	 1	 0	 1
3308	 1	 0	 1
3309	 1	 0	 1
3310	 1	 0	 1
3311	 1	 0	 1
3312	 1	 0	 1
3313	 1	 0	 1
3314	 1	 0	 1
3315	 1	 0	 1
3316	 1	 0	 1
3317	 1	 0	 1
3318	 1	 0	 1
3319	 1	 0	 1
3320	 1	 0	 1
3321	 1	 0	 1
3322	 1	 0	 1
3323	 1	 0	 1
3324	 1	 0	 1
3325	 1	 0	 1
3326	 1	 0	 1
3327	 1	 0	 1
3328	 1	 0	 1
3329	 1	 0	 1
3330	 1	 0	 1
3331	 1	 0	 1
3332	 1	 0	 1
3333	 1	 0	 1
3334	 1	 0	 1
3335	 1	 0	 1
3336	 1	 0	 1
3337	 1	 0	 1
3338	 1	 0	 1
3339	 1	 0	 1
3340	 1	 0	 1
3341	 1	 0	 1
3342	 1	 0	 1
3343	 1	 0	 1
3344	 1	 0	 1
3345	 1	 0	 1
3346	 1	 0	 1
3347	 1	 0	 1
3348	 1	 0	 1
3349	 1	 0	 1
3350	 1	 0	 1
3351	 1	 0	 1
3352	 1	 0	 1
3353	 1	 0	 1
3354	 1	 0	 1
3355	 1	 0	 1
3356	 1	 0	 1
3357	 1	 0	 1
3358	 1	 0	 1
3359	 1	 0	 1
3360	 1	 0	 1
3361	 1	 0	 1
3362	 1	 0	 1
3363	 1	 0	 1
3364	 1	 0	 1
3365	 1	 0	 1
3366	 1	 0	 1
3367	 1	 0	 1
3368	 1	 0	 1
3369	 1	 0	 1
3370	 1	 0	 1
3371	 1	 0	 1
3372	 1	 0	 1
3373	 1	 0	 1
3374	 1	 0	 1
3375	 1	 0	 1
3376	 1	 0	 1
3377	 1	 0	 1
3378	 1	 0	 1
3379	 1	 0	 1
3380	 1	 0	 1
3381	 1	 0	 1
3382	 1	 0	 1
3383	 1	 0	 1
3384	 1	 0	 1
3385	 1	 0	 1
3386	 1	 0	 1
3387	 1	 0	 1
3388	 1	 0	 1
3389	 1	 0	 1
3390	 1	 0	 1
3391	 1	 0	 1
3392	 1	 0	 1
3393	 1	 0	 1
3394	 1	 0	 1
3395	 1	 0	 1
3396	 1	 0	 1
3397	 1	 0	 1
3398	 1	 0	 1
3399	 1	 0	 1
3400	 1	 0	 1
3401	 1	 0	 1
3402	 1	 0	 1
3403	 1	 0	 1
3404	 1	 0	 1
3405	 1	 0	 1
3406	 1	 0	 1
3407	 1	 0	 1
3408	 1	 0	 1
3409	 1	 0	 1
3410	 1	 0	 1
3411	 1	 0	 1
3412	 1	 0	 1
3413	 1	 0	 1
3414	 1	 0	 1
3415	 1	 0	 1
3416	 1	 0	 1
3417	 1	 0	 1
3418	 1	 0	 1
3419	 1	 0	 1
3420	 1	 0	 1
3421	 1	 0	 1
3422	 1	 0	 1
3423	 1	 0	 1
3424	 1	 0	 1
3425	 1	 0	 1
3426	 1	 0	 1
3427	 1	 0	 1
3428	 1	 0	 1
3429	 1	 0	 1
3430	 1	 0	 1
3431	 1	 0	 1
3432	 1	 0	 1
3433	 1	 0	 1
3434	 1	 0	 1
3435	 1	 0	 1
3436	 1	 0	 1
3437	 1	 0	 1
3438	 1	 0	 1
3439	 1	 0	 1
3440	 1	 0	 1
3441	 1	 0	 1
3442	 1	 0	 1
3443	 1	 0	 1
3444	 1	 0	 1
3445	 1	 0	 1
3446	 1	 0	 1
3447	 1	 0	 1
3448	 1	 0	 1
3449	 1	 0	 1
3450	 1	 0	 1
3451	 1	 0	 1
3452	 1	 0	 1
3453	 1	 0	 1
3454	 1	 0	 1
3455	 1	 0	 1
3456	 1	 0	 1
3457	 1	 0	 1
3458	 1	 0	 1
3459	 1	 0	 1
3460	 1	 0	 1
3461	 1	 0	 1
3462	 1	 0	 1
3463	 1	 0	 1
3464	 1	 0	 1
3465	 1	 0	 1
3466	 1	 0	 1
3467	 1	 0	 1
3468	 1	 0	 1
3469	 1	 0	 1
3470	 1	 0	 1
3471	 1	 0	 1
3472	 1	 0	 1
3473	 1	 0	 1
3474	 1	 0	 1
3475	 1	 0	 1
3476	 1	 0	 1
3477	 1	 0	 1
3478	 1	 0	 1
3479	 1	 0	 1
3480	 1	 0	 1
3481	 1	 0	 1
3482	 1	 0	 1
3483	 1	 0	 1
3484	 1	 0	 1
3485	 1	 0	 1
3486	 1	 0	 1
3487	 1	 0	 1
3488	 1	 0	 1
3489	 1	 0	 1
3490	 1	 0	 1
3491	 1	 0	 1
3492	 1	 0	 1
3493	 1	 0	 1
3494	 1	 0	 1
3495	 1	 0	 1
3496	 1	 0	 1
3497	 1	 0	 1
3498	 1	 0	 1
3499	 1	 0	 1
3500	 1	 0	 1
3501	 1	 0	 1
3502	 1	 0	 1
3503	 1	 0	 1
3504	 1	 0	 1
3505	 1	 0	 1
3506	 1	 0	 1
3507	 1	 0	 1
3508	 1	 0	 1
3509	 1	 0	 1
3510	 1	 0	 1
3511	 1	 0	 1
3512	 1	 0	 1
3513	 1	 0	 1
3514	 1	 0	 1
3515	 1	 0	 1
3516	 1	 0	 1
3517	 1	 0	 1
3518	 1	 0	 1
3519	 1	 0	 1
3520	 1	 0	 1
3521	 1	 0	 1
3522	 1	 0	 1
3523	 1	 0	 1
3524	 1	 0	 1
3525	 1	 0	 1
3526	 1	 0	 1
3527	 1	 0	 1
3528	 1	 0	 1
3529	 1	 0	 1
3530	 1	 0	 1
3531	 1	 0	 1
3532	 1	 0	 1
3533	 1	 0	 1
3534	 1	 0	 1
3535	 1	 0	 1
3536	 1	 0	 1
3537	 1	 0	 1
3538	 1	 0	 1
3539	 1	 0	 1
3540	 1	 0	 1
3541	 1	 0	 1
3542	 1	 0	 1
3543	 1	 0	 1
3544	 1	 0	 1
3545	 1	 0	 1
3546	 1	 0	 1
3547	 1	 0	 1
3548	 1	 0	 1
3549	 1	 0	 1
3550	 1	 0	 1
3551	 1	 0	 1
3552	 1	 0	 1
3553	 1	 0	 1
3554	 1	 0	 1
3555	 1	 0	 1
3556	 1	 0	 1
3557	 1	 0	 1
3558	 1	 0	 1
3559	 1	 0	 1
3560	 1	 0	 1
3561	 1	 0	 1
3562	 1	 0	 1
3563	 1	 0	 1
3564	 1	 0	 1
3565	 1	 0	 1
3566	 1	 0	 1
3567	 1	 0	 1
3568	 1	 0	 1
3569	 1	 0	 1
3570	 1	 0	 1
3571	 1	 0	 1
3572	 1	 0	 1
3573	 1	 0	 1
3574	 1	 0	 1
3575	 1	 0	 1
3576	 1	 0	 1
3577	 1	 0	 1
3578	 1	 0	 1
3579	 1	 0	 1
3580	 1	 0	 1
3581	 1	 0	 1
3582	 1	 0	 1
3583	 1	 0	 1
3584	 1	 0	 1
3585	 1	 0	 1
3586	 1	 0	 1
3587	 1	 0	 1
3588	 1	 0	 1
3589	 1	 0	 1
3590	 1	 0	 1
3591	 1	 0	 1
3592	 1	 0	 1
3593	 1	 0	 1
3594	 1	 0	 1
3595	 1	 0	 1
3596	 1	 0	 1
3597	 1	 0	 1
3598	 1	 0	 1
3599	 1	 0	 1
3600	 1	 0	 1
3601	 1	 0	 1
3602	 1	 0	 1
3603	 1	 0	 1
3604	 1	 0	 1
3605	 1	 0	 1
3606	 1	 0	 1
3607	 1	 0	 1
3608	 1	 0	 1
3609	 1	 0	 1
3610	 1	 0	 1
3611	 1	 0	 1
3612	 1	 0	 1
3613	 1	 0	 1
3614	 1	 0	 1
3615	 1	 0	 1
3616	 1	 0	 1
3617	 1	 0	 1
3618	 1	 0	 1
3619	 1	 0	 1
3620	 1	 0	 1
3621	 1	 0	 1
3622	 1	 0	 1
3623	 1	 0	 1
3624	 1	 0	 1
3625	 1	 0	 1
3626	 1	 0	 1
3627	 1	 0	 1
3628	 1	 0	 1
3629	 1	 0	 1
3630	 1	 0	 1
3631	 1	 0	 1
3632	 1	 0	 1
3633	 1	 0	 1
3634	 1	 0	 1
3635	 1	 0	 1
3636	 1	 0	 1
3637	 1	 0	 1
3638	 1	 0	 1
3639	 1	 0	 1
3640	 1	 0	 1
3641	 1	 0	 1
3642	 1	 0	 1
3643	 1	 0	 1
3644	 1	 0	 1
3645	 1	 0	 1
3646	 1	 0	 1
3647	 1	 0	 1
3648	 1	 0	 1
3649	 1	 0	 1
3650	 1	 0	 1
3651	 1	 0	 1
3652	 1	 0	 1
3653	 1	 0	 1
3654	 1	 0	 1
3655	 1	 0	 1
3656	 1	 0	 1
3657	 1	 0	 1
3658	 1	 0	 1
3659	 1	 0	 1
3660	 1	 0	 1
3661	 1	 0	 1
3662	 1	 0	 1
3663	 1	 0	 1
3664	 1	 0	 1
3665	 1	 0	 1
3666	 1	 0	 1
3667	 1	 0	 1
3668	 1	 0	 1
3669	 1	 0	 1
3670	 1	 0	 1
3671	 1	 0	 1
3672	 1	 0	 1
3673	 1	 0	 1
3674	 1	 0	 1
3675	 1	 0	 1
3676	 1	 0	 1
3677	 1	 0	 1
3678	 1	 0	 1
3679	 1	 0	 1
3680	 1	 0	 1
3681	 1	 0	 1
3682	 1	 0	 1
3683	 1	 0	 1
3684	 1	 0	 1
3685	 1	 0	 1
3686	 1	 0	 1
3687	 1	 0	 1
3688	 1	 0	 1
3689	 1	 0	 1
3690	 1	 0	 1
3691	 1	 0	 1
3692	 1	 0	 1
3693	 1	 0	 1
3694	 1	 0	 1
3695	 1	 0	 1
3696	 1	 0	 1
3697	 1	 0	 1
3698	 1	 0	 1
3699	 1	 0	 1
3700	 1	 0	 1
3701	 1	 0	 1
3702	 1	 0	 1
3703	 1	 0	 1
3704	 1	 0	 1
3705	 1	 0	 1
3706	 1	 0	 1
3707	 1	 0	 1
3708	 1	 0	 1
3709	 1	 0	 1
3710	 1	 0	 1
3711	 1	 0	 1
3712	 1	 0	 1
3713	 1	 0	 1
3714	 1	 0	 1
3715	 1	 0	 1
3716	 1	 0	 1
3717	 1	 0	 1
3718	 1	 0	 1
3719	 1	 0	 1
3720	 1	 0	 1
3721	 1	 0	 1
3722	 1	 0	 1
3723	 1	 0	 1
3724	 1	 0	 1
3725	 1	 0	 1
3726	 1	 0	 1
3727	 1	 0	 1
3728	 1	 0	 1
3729	 1	 0	 1
3730	 1	 0	 1
3731	 1	 0	 1
3732	 1	 0	 1
3733	 1	 0	 1
3734	 1	 0	 1
3735	 1	 0	 1
3736	 1	 0	 1
3737	 1	 0	 1
3738	 1	 0	 1
3739	 1	 0	 1
3740	 1	 0	 1
3741	 1	 0	 1
3742	 1	 0	 1
3743	 1	 0	 1
3744	 1	 0	 1
3745	 1	 0	 1
3746	 1	 0	 1
3747	 1	 0	 1
3748	 1	 0	 1
3749	 1	 0	 1
3750	 1	 0	 1
3751	 1	 0	 1
3752	 1	 0	 1
3753	 1	 0	 1
3754	 1	 0	 1
3755	 1	 0	 1
3756	 1	 0	 1
3757	 1	 0	 1
3758	 1	 0	 1
3759	 1	 0	 1
3760	 1	 0	 1
3761	 1	 0	 1
3762	 1	 0	 1
3763	 1	 0	 1
3764	 1	 0	 1
3765	 1	 0	 1
3766	 1	 0	 1
3767	 1	 0	 1
3768	 1	 0	 1
3769	 1	 0	 1
3770	 1	 0	 1
3771	 1	 0	 1
3772	 1	 0	 1
3773	 1	 0	 1
3774	 1	 0	 1
3775	 1	 0	 1
3776	 1	 0	 1
3777	 1	 0	 1
3778	 1	 0	 1
3779	 1	 0	 1
3780	 1	 0	 1
3781	 1	 0	 1
3782	 1	 0	 1
3783	 1	 0	 1
3784	 1	 0	 1
3785	 1	 0	 1
3786	 1	 0	 1
3787	 1	 0	 1
3788	 1	 0	 1
3789	 1	 0	 1
3790	 1	 0	 1
3791	 1	 0	 1
3792	 1	 0	 1
3793	 1	 0	 1
3794	 1	 0	 1
3795	 1	 0	 1
3796	 1	 0	 1
3797	 1	 0	 1
3798	 1	 0	 1
3799	 1	 0	 1
3800	 1	 0	 1
3801	 1	 0	 1
3802	 1	 0	 1
3803	 1	 0	 1
3804	 1	 0	 1
3805	 1	 0	 1
3806	 1	 0	 1
3807	 1	 0	 1
3808	 1	 0	 1
3809	 1	 0	 1
3810	 1	 0	 1
3811	 1	 0	 1
3812	 1	 0	 1
3813	 1	 0	 1
3814	 1	 0	 1
3815	 1	 0	 1
3816	 1	 0	 1
3817	 1	 0	 1
3818	 1	 0	 1
3819	 1	 0	 1
3820	 1	 0	 1
3821	 1	 0	 1
3822	 1	 0	 1
3823	 1	 0	 1
3824	 1	 0	 1
3825	 1	 0	 1
3826	 1	 0	 1
3827	 1	 0	 1
3828	 1	 0	 1
3829	 1	 0	 1
3830	 1	 0	 1
3831	 1	 0	 1
3832	 1	 0	 1
3833	 1	 0	 1
3834	 1	 0	 1
3835	 1	 0	 1
3836	 1	 0	 1
3837	 1	 0	 1
3838	 1	 0	 1
3839	 1	 0	 1
3840	 1	 0	 1
3841	 1	 0	 1
3842	 1	 0	 1
3843	 1	 0	 1
3844	 1	 0	 1
3845	 1	 0	 1
3846	 1	 0	 1
3847	 1	 0	 1
3848	 1	 0	 1
3849	 1	 0	 1
3850	 1	 0	 1
3851	 1	 0	 1
3852	 1	 0	 1
3853	 1	 0	 1
3854	 1	 0	 1
3855	 1	 0	 1
3856	 1	 0	 1
3857	 1	 0	 1
3858	 1	 0	 1
3859	 1	 0	 1
3860	 1	 0	 1
3861	 1	 0	 1
3862	 1	 0	 1
3863	 1	 0	 1
3864	 1	 0	 1
3865	 1	 0	 1
3866	 1	 0	 1
3867	 1	 0	 1
3868	 1	 0	 1
3869	 1	 0	 1
3870	 1	 0	 1
3871	 1	 0	 1
3872	 1	 0	 1
3873	 1	 0	 1
3874	 1	 0	 1
3875	 1	 0	 1
3876	 1	 0	 1
3877	 1	 0	 1
3878	 1	 0	 1
3879	 1	 0	 1
3880	 1	 0	 1
3881	 1	 0	 1
3882	 1	 0	 1
3883	 1	 0	 1
3884	 1	 0	 1
3885	 1	 0	 1
3886	 1	 0	 1
3887	 1	 0	 1
3888	 1	 0	 1
3889	 1	 0	 1
3890	 1	 0	 1
3891	 1	 0	 1
3892	 1	 0	 1
3893	 1	 0	 1
3894	 1	 0	 1
3895	 1	 0	 1
3896	 1	 0	 1
3897	 1	 0	 1
3898	 1	 0	 1
3899	 1	 0	 1
3900	 1	 0	 1
3901	 1	 0	 1
3902	 1	 0	 1
3903	 1	 0	 1
3904	 1	 0	 1
3905	 1	 0	 1
3906	 1	 0	 1
3907	 1	 0	 1
3908	 1	 0	 1
3909	 1	 0	 1
3910	 1	 0	 1
3911	 1	 0	 1
3912	 1	 0	 1
3913	 1	 0	 1
3914	 1	 0	 1
3915	 1	 0	 1
3916	 1	 0	 1
3917	 1	 0	 1
3918	 1	 0	 1
3919	 1	 0	 1
3920	 1	 0	 1
3921	 1	 0	 1
3922	 1	 0	 1
3923	 1	 0	 1
3924	 1	 0	 1
3925	 1	 0	 1
3926	 1	 0	 1
3927	 1	 0	 1
3928	 1	 0	 1
3929	 1	 0	 1
3930	 1	 0	 1
3931	 1	 0	 1
3932	 1	 0	 1
3933	 1	 0	 1
3934	 1	 0	 1
3935	 1	 0	 1
3936	 1	 0	 1
3937	 1	 0	 1
3938	 1	 0	 1
3939	 1	 0	 1
3940	 1	 0	 1
3941	 1	 0	 1
3942	 1	 0	 1
3943	 1	 0	 1
3944	 1	 0	 1
3945	 1	 0	 1
3946	 1	 0	 1
3947	 1	 0	 1
3948	 1	 0	 1
3949	 1	 0	 1
3950	 1	 0	 1
3951	 1	 0	 1
3952	 1	 0	 1
3953	 1	 0	 1
3954	 1	 0	 1
3955	 1	 0	 1
3956	 1	 0	 1
3957	 1	 0	 1
3958	 1	 0	 1
3959	 1	 0	 1
3960	 1	 0	 1
3961	 1	 0	 1
3962	 1	 0	 1
3963	 1	 0	 1
3964	 1	 0	 1
3965	 1	 0	 1
3966	 1	 0	 1
3967	 1	 0	 1
3968	 1	 0	 1
3969	 1	 0	 1
3970	 1	 0	 1
3971	 1	 0	 1
3972	 1	 0	 1
3973	 1	 0	 1
3974	 1	 0	 1
3975	 1	 0	 1
3976	 1	 0	 1
3977	 1	 0	 1
3978	 1	 0	 1
3979	 1	 0	 1
3980	 1	 0	 1
3981	 1	 0	 1
3982	 1	 0	 1
3983	 1	 0	 1
3984	 1	 0	 1
3985	 1	 0	 1
3986	 1	 0	 1
3987	 1	 0	 1
3988	 1	 0	 1
3989	 1	 0	 1
3990	 1	 0	 1
3991	 1	 0	 1
3992	 1	 0	 1
3993	 1	 0	 1
3994	 1	 0	 1
3995	 1	 0	 1
3996	 1	 0	 1
3997	 1	 0	 1
3998	 1	 0	 1
3999	 1	 0	 1
4000	 1	 0	 1
4001	 1	 0	 1
4002	 1	 0	 1
4003	 1	 0	 1
4004	 1	 0	 1
4005	 1	 0	 1
4006	 1	 0	 1
4007	 1	 0	 1
4008	 1	 0	 1
4009	 1	 0	 1
4010	 1	 0	 1
4011	 1	 0	 1
4012	 1	 0	 1
4013	 1	 0	 1
4014	 1	 0	 1
4015	 1	 0	 1
4016	 1	 0	 1
4017	 1	 0	 1
4018	 1	 0	 1
4019	 1	 0	 1
4020	 1	 0	 1
4021	 1	 0	 1
4022	 1	 0	 1
4023	 1	 0	 1
4024	 1	 0	 1
4025	 1	 0	 1
4026	 1	 0	 1
4027	 1	 0	 1
4028	 1	 0	 1
4029	 1	 0	 1
4030	 1	 0	 1
4031	 1	 0	 1
4032	 1	 0	 1
4033	 1	 0	 1
4034	 1	 0	 1
4035	 1	 0	 1
4036	 1	 0	 1
4037	 1	 0	 1
4038	 1	 0	 1
4039	 1	 0	 1
4040	 1	 0	 1
4041	 1	 0	 1
4042	 1	 0	 1
4043	 1	 0	 1
4044	 1	 0	 1
4045	 1	 0	 1
4046	 1	 0	 1
4047	 1	 0	 1
4048	 1	 0	 1
4049	 1	 0	 1
4050	 1	 0	 1
4051	 1	 0	 1
4052	 1	 0	 1
4053	 1	 0	 1
4054	 1	 0	 1
4055	 1	 0	 1
4056	 1	 0	 1
4057	 1	 0	 1
4058	 1	 0	 1
4059	 1	 0	 1
4060	 1	 0	 1
4061	 1	 0	 1
4062	 1	 0	 1
4063	 1	 0	 1
4064	 1	 0	 1
4065	 1	 0	 1
4066	 1	 0	 1
4067	 1	 0	 1
4068	 1	 0	 1
4069	 1	 0	 1
4070	 1	 0	 1
4071	 1	 0	 1
4072	 1	 0	 1
4073	 1	 0	 1
4074	 1	 0	 1
4075	 1	 0	 1
4076	 1	 0	 1
4077	 1	 0	 1
4078	 1	 0	 1
4079	 1	 0	 1
4080	 1	 0	 1
4081	 1	 0	 1
4082	 1	 0	 1
4083	 1	 0	 1
4084	 1	 0	 1
4085	 1	 0	 1
4086	 1	 0	 1
4087	 1	 0	 1
4088	 1	 0	 1
4089	 1	 0	 1
4090	 1	 0	 1
4091	 1	 0	 1
4092	 1	 0	 1
4093	 1	 0	 1
4094	 1	 0	 1
4095	 1	 0	 1
4096	 1	 0	 1
4097	 1	 0	 1
4098	 1	 0	 1
4099	 1	 0	 1
4100	 1	 0	 1
4101	 1	 0	 1
4102	 1	 0	 1
4103	 1	 0	 1
4104	 1	 0	 1
4105	 1	 0	 1
4106	 1	 0	 1
4107	 1	 0	 1
4108	 1	 0	 1
4109	 1	 0	 1
4110	 1	 0	 1
4111	 1	 0	 1
4112	 1	 0	 1
4113	 1	 0	 1
4114	 1	 0	 1
4115	 1	 0	 1
4116	 1	 0	 1
4117	 1	 0	 1
4118	 1	 0	 1
4119	 1	 0	 1
4120	 1	 0	 1
4121	 1	 0	 1
4122	 1	 0	 1
4123	 1	 0	 1
4124	 1	 0	 1
4125	 1	 0	 1
4126	 1	 0	 1
4127	 1	 0	 1
4128	 1	 0	 1
4129	 1	 0	 1
4130	 1	 0	 1
4131	 1	 0	 1
4132	 1	 0	 1
4133	 1	 0	 1
4134	 1	 0	 1
4135	 1	 0	 1
4136	 1	 0	 1
4137	 1	 0	 1
4138	 1	 0	 1
4139	 1	 0	 1
4140	 1	 0	 1
4141	 1	 0	 1
4142	 1	 0	 1
4143	 1	 0	 1
4144	 1	 0	 1
4145	 1	 0	 1
4146	 1	 0	 1
4147	 1	 0	 1
4148	 1	 0	 1
4149	 1	 0	 1
4150	 1	 0	 1
4151	 1	 0	 1
4152	 1	 0	 1
4153	 1	 0	 1
4154	 1	 0	 1
4155	 1	 0	 1
4156	 1	 0	 1
4157	 1	 0	 1
4158	 1	 0	 1
4159	 1	 0	 1
4160	 1	 0	 1
4161	 1	 0	 1
4162	 1	 0	 1
4163	 1	 0	 1
4164	 1	 0	 1
4165	 1	 0	 1
4166	 1	 0	 1
4167	 1	 0	 1
4168	 1	 0	 1
4169	 1	 0	 1
4170	 1	 0	 1
4171	 1	 0	 1
4172	 1	 0	 1
4173	 1	 0	 1
4174	 1	 0	 1
4175	 1	 0	 1
4176	 1	 0	 1
4177	 1	 0	 1
4178	 1	 0	 1
4179	 1	 0	 1
4180	 1	 0	 1
4181	 1	 0	 1
4182	 1	 0	 1
4183	 1	 0	 1
4184	 1	 0	 1
4185	 1	 0	 1
4186	 1	 0	 1
4187	 1	 0	 1
4188	 1	 0	 1
4189	 1	 0	 1
4190	 1	 0	 1
4191	 1	 0	 1
4192	 1	 0	 1
4193	 1	 0	 1
4194	 1	 0	 1
4195	 1	 0	 1
4196	 1	 0	 1
4197	 1	 0	 1
4198	 1	 0	 1
4199	 1	 0	 1
4200	 1	 0	 1
4201	 1	 0	 1
4202	 1	 0	 1
4203	 1	 0	 1
4204	 1	 0	 1
4205	 1	 0	 1
4206	 1	 0	 1
4207	 1	 0	 1
4208	 1	 0	 1
4209	 1	 0	 1
4210	 1	 0	 1
4211	 1	 0	 1
4212	 1	 0	 1
4213	 1	 0	 1
4214	 1	 0	 1
4215	 1	 0	 1
4216	 1	 0	 1
4217	 1	 0	 1
4218	 1	 0	 1
4219	 1	 0	 1
4220	 1	 0	 1
4221	 1	 0	 1
4222	 1	 0	 1
4223	 1	 0	 1
4224	 1	 0	 1
4225	 1	 0	 1
4226	 1	 0	 1
4227	 1	 0	 1
4228	 1	 0	 1
4229	 1	 0	 1
4230	 1	 0	 1
4231	 1	 0	 1
4232	 1	 0	 1
4233	 1	 0	 1
4234	 1	 0	 1
4235	 1	 0	 1
4236	 1	 0	 1
4237	 1	 0	 1
4238	 1	 0	 1
4239	 1	 0	 1
4240	 1	 0	 1
4241	 1	 0	 1
4242	 1	 0	 1
4243	 1	 0	 1
4244	 1	 0	 1
4245	 1	 0	 1
4246	 1	 0	 1
4247	 1	 0	 1
4248	 1	 0	 1
4249	 1	 0	 1
4250	 1	 0	 1
4251	 1	 0	 1
4252	 1	 0	 1
4253	 1	 0	 1
4254	 1	 0	 1
4255	 1	 0	 1
4256	 1	 0	 1
4257	 1	 0	 1
4258	 1	 0	 1
4259	 1	 0	 1
4260	 1	 0	 1
4261	 1	 0	 1
4262	 1	 0	 1
4263	 1	 0	 1
4264	 1	 0	 1
4265	 1	 0	 1
4266	 1	 0	 1
4267	 1	 0	 1
4268	 1	 0	 1
4269	 1	 0	 1
4270	 1	 0	 1
4271	 1	 0	 1
4272	 1	 0	 1
4273	 1	 0	 1
4274	 1	 0	 1
4275	 1	 0	 1
4276	 1	 0	 1
4277	 1	 0	 1
4278	 1	 0	 1
4279	 1	 0	 1
4280	 1	 0	 1
4281	 1	 0	 1
4282	 1	 0	 1
4283	 1	 0	 1
4284	 1	 0	 1
4285	 1	 0	 1
4286	 1	 0	 1
4287	 1	 0	 1
4288	 1	 0	 1
4289	 1	 0	 1
4290	 1	 0	 1
4291	 1	 0	 1
4292	 1	 0	 1
4293	 1	 0	 1
4294	 1	 0	 1
4295	 1	 0	 1
4296	 1	 0	 1
4297	 1	 0	 1
4298	 1	 0	 1
4299	 1	 0	 1
4300	 1	 0	 1
4301	 1	 0	 1
4302	 1	 0	 1
4303	 1	 0	 1
4304	 1	 0	 1
4305	 1	 0	 1
4306	 1	 0	 1
4307	 1	 0	 1
4308	 1	 0	 1
4309	 1	 0	 1
4310	 1	 0	 1
4311	 1	 0	 1
4312	 1	 0	 1
4313	 1	 0	 1
4314	 1	 0	 1
4315	 1	 0	 1
4316	 1	 0	 1
4317	 1	 0	 1
4318	 1	 0	 1
4319	 1	 0	 1
4320	 1	 0	 1
4321	 1	 0	 1
4322	 1	 0	 1
4323	 1	 0	 1
4324	 1	 0	 1
4325	 1	 0	 1
4326	 1	 0	 1
4327	 1	 0	 1
4328	 1	 0	 1
4329	 1	 0	 1
4330	 1	 0	 1
4331	 1	 0	 1
4332	 1	 0	 1
4333	 1	 0	 1
4334	 1	 0	 1
4335	 1	 0	 1
4336	 1	 0	 1
4337	 1	 0	 1
4338	 1	 0	 1
4339	 1	 0	 1
4340	 1	 0	 1
4341	 1	 0	 1
4342	 1	 0	 1
4343	 1	 0	 1
4344	 1	 0	 1
4345	 1	 0	 1
4346	 1	 0	 1
4347	 1	 0	 1
4348	 1	 0	 1
4349	 1	 0	 1
4350	 1	 0	 1
4351	 1	 0	 1
4352	 1	 0	 1
4353	 1	 0	 1
4354	 1	 0	 1
4355	 1	 0	 1
4356	 1	 0	 1
4357	 1	 0	 1
4358	 1	 0	 1
4359	 1	 0	 1
4360	 1	 0	 1
4361	 1	 0	 1
4362	 1	 0	 1
4363	 1	 0	 1
4364	 1	 0	 1
4365	 1	 0	 1
4366	 1	 0	 1
4367	 1	 0	 1
4368	 1	 0	 1
4369	 1	 0	 1
4370	 1	 0	 1
4371	 1	 0	 1
4372	 1	 0	 1
4373	 1	 0	 1
4374	 1	 0	 1
4375	 1	 0	 1
4376	 1	 0	 1
4377	 1	 0	 1
4378	 1	 0	 1
4379	 1	 0	 1
4380	 1	 0	 1
4381	 1	 0	 1
4382	 1	 0	 1
4383	 1	 0	 1
4384	 1	 0	 1
4385	 1	 0	 1
4386	 1	 0	 1
4387	 1	 0	 1
4388	 1	 0	 1
4389	 1	 0	 1
4390	 1	 0	 1
4391	 1	 0	 1
4392	 1	 0	 1
4393	 1	 0	 1
4394	 1	 0	 1
4395	 1	 0	 1
4396	 1	 0	 1
4397	 1	 0	 1
4398	 1	 0	 1
4399	 1	 0	 1
4400	 1	 0	 1
4401	 1	 0	 1
4402	 1	 0	 1
4403	 1	 0	 1
4404	 1	 0	 1
4405	 1	 0	 1
4406	 1	 0	 1
4407	 1	 0	 1
4408	 1	 0	 1
4409	 1	 0	 1
4410	 1	 0	 1
4411	 1	 0	 1
4412	 1	 0	 1
4413	 1	 0	 1
4414	 1	 0	 1
4415	 1	 0	 1
4416	 1	 0	 1
4417	 1	 0	 1
4418	 1	 0	 1
4419	 1	 0	 1
4420	 1	 0	 1
4421	 1	 0	 1
4422	 1	 0	 1
4423	 1	 0	 1
4424	 1	 0	 1
4425	 1	 0	 1
4426	 1	 0	 1
4427	 1	 0	 1
4428	 1	 0	 1
4429	 1	 0	 1
4430	 1	 0	 1
4431	 1	 0	 1
4432	 1	 0	 1
4433	 1	 0	 1
4434	 1	 0	 1
4435	 1	 0	 1
4436	 1	 0	 1
4437	 1	 0	 1
4438	 1	 0	 1
4439	 1	 0	 1
4440	 1	 0	 1
4441	 1	 0	 1
4442	 1	 0	 1
4443	 1	 0	 1
4444	 1	 0	 1
4445	 1	 0	 1
4446	 1	 0	 1
4447	 1	 0	 1
4448	 1	 0	 1
4449	 1	 0	 1
4450	 1	 0	 1
4451	 1	 0	 1
4452	 1	 0	 1
4453	 1	 0	 1
4454	 1	 0	 1
4455	 1	 0	 1
4456	 1	 0	 1
4457	 1	 0	 1
4458	 1	 0	 1
4459	 1	 0	 1
4460	 1	 0	 1
4461	 1	 0	 1
4462	 1	 0	 1
4463	 1	 0	 1
4464	 1	 0	 1
4465	 1	 0	 1
4466	 1	 0	 1
4467	 1	 0	 1
4468	 1	 0	 1
4469	 1	 0	 1
4470	 1	 0	 1
4471	 1	 0	 1
4472	 1	 0	 1
4473	 1	 0	 1
4474	 1	 0	 1
4475	 1	 0	 1
4476	 1	 0	 1
4477	 1	 0	 1
4478	 1	 0	 1
4479	 1	 0	 1
4480	 1	 0	 1
4481	 1	 0	 1
4482	 1	 0	 1
4483	 1	 0	 1
4484	 1	 0	 1
4485	 1	 0	 1
4486	 1	 0	 1
4487	 1	 0	 1
4488	 1	 0	 1
4489	 1	 0	 1
4490	 1	 0	 1
4491	 1	 0	 1
4492	 1	 0	 1
4493	 1	 0	 1
4494	 1	 0	 1
4495	 1	 0	 1
4496	 1	 0	 1
4497	 1	 0	 1
4498	 1	 0	 1
4499	 1	 0	 1
4500	 1	 0	 1
4501	 1	 0	 1
4502	 1	 0	 1
4503	 1	 0	 1
4504	 1	 0	 1
4505	 1	 0	 1
4506	 1	 0	 1
4507	 1	 0	 1
4508	 1	 0	 1
4509	 1	 0	 1
4510	 1	 0	 1
4511	 1	 0	 1
4512	 1	 0	 1
4513	 1	 0	 1
4514	 1	 0	 1
4515	 1	 0	 1
4516	 1	 0	 1
4517	 1	 0	 1
4518	 1	 0	 1
4519	 1	 0	 1
4520	 1	 0	 1
4521	 1	 0	 1
4522	 1	 0	 1
4523	 1	 0	 1
4524	 1	 0	 1
4525	 1	 0	 1
4526	 1	 0	 1
4527	 1	 0	 1
4528	 1	 0	 1
4529	 1	 0	 1
4530	 1	 0	 1
4531	 1	 0	 1
4532	 1	 0	 1
4533	 1	 0	 1
4534	 1	 0	 1
4535	 1	 0	 1
4536	 1	 0	 1
4537	 1	 0	 1
4538	 1	 0	 1
4539	 1	 0	 1
4540	 1	 0	 1
4541	 1	 0	 1
4542	 1	 0	 1
4543	 1	 0	 1
4544	 1	 0	 1
4545	 1	 0	 1
4546	 1	 0	 1
4547	 1	 0	 1
4548	 1	 0	 1
4549	 1	 0	 1
4550	 1	 0	 1
4551	 1	 0	 1
4552	 1	 0	 1
4553	 1	 0	 1
4554	 1	 0	 1
4555	 1	 0	 1
4556	 1	 0	 1
4557	 1	 0	 1
4558	 1	 0	 1
4559	 1	 0	 1
4560	 1	 0	 1
4561	 1	 0	 1
4562	 1	 0	 1
4563	 1	 0	 1
4564	 1	 0	 1
4565	 1	 0	 1
4566	 1	 0	 1
4567	 1	 0	 1
4568	 1	 0	 1
4569	 1	 0	 1
4570	 1	 0	 1
4571	 1	 0	 1
4572	 1	 0	 1
4573	 1	 0	 1
4574	 1	 0	 1
4575	 1	 0	 1
4576	 1	 0	 1
4577	 1	 0	 1
4578	 1	 0	 1
4579	 1	 0	 1
4580	 1	 0	 1
4581	 1	 0	 1
4582	 1	 0	 1
4583	 1	 0	 1
4584	 1	 0	 1
4585	 1	 0	 1
4586	 1	 0	 1
4587	 1	 0	 1
4588	 1	 0	 1
4589	 1	 0	 1
4590	 1	 0	 1
4591	 1	 0	 1
4592	 1	 0	 1
4593	 1	 0	 1
4594	 1	 0	 1
4595	 1	 0	 1
4596	 1	 0	 1
4597	 1	 0	 1
4598	 1	 0	 1
4599	 1	 0	 1
4600	 1	 0	 1
4601	 1	 0	 1
4602	 1	 0	 1
4603	 1	 0	 1
4604	 1	 0	 1
4605	 1	 0	 1
4606	 1	 0	 1
4607	 1	 0	 1
4608	 1	 0	 1
4609	 1	 0	 1
4610	 1	 0	 1
4611	 1	 0	 1
4612	 1	 0	 1
4613	 1	 0	 1
4614	 1	 0	 1
4615	 1	 0	 1
4616	 1	 0	 1
4617	 1	 0	 1
4618	 1	 0	 1
4619	 1	 0	 1
4620	 1	 0	 1
4621	 1	 0	 1
4622	 1	 0	 1
4623	 1	 0	 1
4624	 1	 0	 1
4625	 1	 0	 1
4626	 1	 0	 1
4627	 1	 0	 1
4628	 1	 0	 1
4629	 1	 0	 1
4630	 1	 0	 1
4631	 1	 0	 1
4632	 1	 0	 1
4633	 1	 0	 1
4634	 1	 0	 1
4635	 1	 0	 1
4636	 1	 0	 1
4637	 1	 0	 1
4638	 1	 0	 1
4639	 1	 0	 1
4640	 1	 0	 1
4641	 1	 0	 1
4642	 1	 0	 1
4643	 1	 0	 1
4644	 1	 0	 1
4645	 1	 0	 1
4646	 1	 0	 1
4647	 1	 0	 1
4648	 1	 0	 1
4649	 1	 0	 1
4650	 1	 0	 1
4651	 1	 0	 1
4652	 1	 0	 1
4653	 1	 0	 1
4654	 1	 0	 1
4655	 1	 0	 1
4656	 1	 0	 1
4657	 1	 0	 1
4658	 1	 0	 1
4659	 1	 0	 1
4660	 1	 0	 1
4661	 1	 0	 1
4662	 1	 0	 1
4663	 1	 0	 1
4664	 1	 0	 1
4665	 1	 0	 1
4666	 1	 0	 1
4667	 1	 0	 1
4668	 1	 0	 1
4669	 1	 0	 1
4670	 1	 0	 1
4671	 1	 0	 1
4672	 1	 0	 1
4673	 1	 0	 1
4674	 1	 0	 1
4675	 1	 0	 1
4676	 1	 0	 1
4677	 1	 0	 1
4678	 1	 0	 1
4679	 1	 0	 1
4680	 1	 0	 1
4681	 1	 0	 1
4682	 1	 0	 1
4683	 1	 0	 1
4684	 1	 0	 1
4685	 1	 0	 1
4686	 1	 0	 1
4687	 1	 0	 1
4688	 1	 0	 1
4689	 1	 0	 1
4690	 1	 0	 1
4691	 1	 0	 1
4692	 1	 0	 1
4693	 1	 0	 1
4694	 1	 0	 1
4695	 1	 0	 1
4696	 1	 0	 1
4697	 1	 0	 1
4698	 1	 0	 1
4699	 1	 0	 1
4700	 1	 0	 1
4701	 1	 0	 1
4702	 1	 0	 1
4703	 1	 0	 1
4704	 1	 0	 1
4705	 1	 0	 1
4706	 1	 0	 1
4707	 1	 0	 1
4708	 1	 0	 1
4709	 1	 0	 1
4710	 1	 0	 1
4711	 1	 0	 1
4712	 1	 0	 1
4713	 1	 0	 1
4714	 1	 0	 1
4715	 1	 0	 1
4716	 1	 0	 1
4717	 1	 0	 1
4718	 1	 0	 1
4719	 1	 0	 1
4720	 1	 0	 1
4721	 1	 0	 1
4722	 1	 0	 1
4723	 1	 0	 1
4724	 1	 0	 1
4725	 1	 0	 1
4726	 1	 0	 1
4727	 1	 0	 1
4728	 1	 0	 1
4729	 1	 0	 1
4730	 1	 0	 1
4731	 1	 0	 1
4732	 1	 0	 1
4733	 1	 0	 1
4734	 1	 0	 1
4735	 1	 0	 1
4736	 1	 0	 1
4737	 1	 0	 1
4738	 1	 0	 1
4739	 1	 0	 1
4740	 1	 0	 1
4741	 1	 0	 1
4742	 1	 0	 1
4743	 1	 0	 1
4744	 1	 0	 1
4745	 1	 0	 1
4746	 1	 0	 1
4747	 1	 0	 1
4748	 1	 0	 1
4749	 1	 0	 1
4750	 1	 0	 1
4751	 1	 0	 1
4752	 1	 0	 1
4753	 1	 0	 1
4754	 1	 0	 1
4755	 1	 0	 1
4756	 1	 0	 1
4757	 1	 0	 1
4758	 1	 0	 1
4759	 1	 0	 1
4760	 1	 0	 1
4761	 1	 0	 1
4762	 1	 0	 1
4763	 1	 0	 1
4764	 1	 0	 1
4765	 1	 0	 1
4766	 1	 0	 1
4767	 1	 0	 1
4768	 1	 0	 1
4769	 1	 0	 1
4770	 1	 0	 1
4771	 1	 0	 1
4772	 1	 0	 1
4773	 1	 0	 1
4774	 1	 0	 1
4775	 1	 0	 1
4776	 1	 0	 1
4777	 1	 0	 1
4778	 1	 0	 1
4779	 1	 0	 1
4780	 1	 0	 1
4781	 1	 0	 1
4782	 1	 0	 1
4783	 1	 0	 1
4784	 1	 0	 1
4785	 1	 0	 1
4786	 1	 0	 1
4787	 1	 0	 1
4788	 1	 0	 1
4789	 1	 0	 1
4790	 1	 0	 1
4791	 1	 0	 1
4792	 1	 0	 1
4793	 1	 0	 1
4794	 1	 0	 1
4795	 1	 0	 1
4796	 1	 0	 1
4797	 1	 0	 1
4798	 1	 0	 1
4799	 1	 0	 1
4800	 1	 0	 1
4801	 1	 0	 1
4802	 1	 0	 1
4803	 1	 0	 1
4804	 1	 0	 1
4805	 1	 0	 1
4806	 1	 0	 1
4807	 1	 0	 1
4808	 1	 0	 1
4809	 1	 0	 1
4810	 1	 0	 1
4811	 1	 0	 1
4812	 1	 0	 1
4813	 1	 0	 1
4814	 1	 0	 1
4815	 1	 0	 1
4816	 1	 0	 1
4817	 1	 0	 1
4818	 1	 0	 1
4819	 1	 0	 1
4820	 1	 0	 1
4821	 1	 0	 1
4822	 1	 0	 1
4823	 1	 0	 1
4824	 1	 0	 1
4825	 1	 0	 1
4826	 1	 0	 1
4827	 1	 0	 1
4828	 1	 0	 1
4829	 1	 0	 1
4830	 1	 0	 1
4831	 1	 0	 1
4832	 1	 0	 1
4833	 1	 0	 1
4834	 1	 0	 1
4835	 1	 0	 1
4836	 1	 0	 1
4837	 1	 0	 1
4838	 1	 0	 1
4839	 1	 0	 1
4840	 1	 0	 1
4841	 1	 0	 1
4842	 1	 0	 1
4843	 1	 0	 1
4844	 1	 0	 1
4845	 1	 0	 1
4846	 1	 0	 1
4847	 1	 0	 1
4848	 1	 0	 1
4849	 1	 0	 1
4850	 1	 0	 1
4851	 1	 0	 1
4852	 1	 0	 1
4853	 1	 0	 1
4854	 1	 0	 1
4855	 1	 0	 1
4856	 1	 0	 1
4857	 1	 0	 1
4858	 1	 0	 1
4859	 1	 0	 1
4860	 1	 0	 1
4861	 1	 0	 1
4862	 1	 0	 1
4863	 1	 0	 1
4864	 1	 0	 1
4865	 1	 0	 1
4866	 1	 0	 1
4867	 1	 0	 1
4868	 1	 0	 1
4869	 1	 0	 1
4870	 1	 0	 1
4871	 1	 0	 1
4872	 1	 0	 1
4873	 1	 0	 1
4874	 1	 0	 1
4875	 1	 0	 1
4876	 1	 0	 1
4877	 1	 0	 1
4878	 1	 0	 1
4879	 1	 0	 1
4880	 1	 0	 1
4881	 1	 0	 1
4882	 1	 0	 1
4883	 1	 0	 1
4884	 1	 0	 1
4885	 1	 0	 1
4886	 1	 0	 1
4887	 1	 0	 1
4888	 1	 0	 1
4889	 1	 0	 1
4890	 1	 0	 1
4891	 1	 0	 1
4892	 1	 0	 1
4893	 1	 0	 1
4894	 1	 0	 1
4895	 1	 0	 1
4896	 1	 0	 1
4897	 1	 0	 1
4898	 1	 0	 1
4899	 1	 0	 1
4900	 1	 0	 1
4901	 1	 0	 1
4902	 1	 0	 1
4903	 1	 0	 1
4904	 1	 0	 1
4905	 1	 0	 1
4906	 1	 0	 1
4907	 1	 0	 1
4908	 1	 0	 1
4909	 1	 0	 1
4910	 1	 0	 1
4911	 1	 0	 1
4912	 1	 0	 1
4913	 1	 0	 1
4914	 1	 0	 1
4915	 1	 0	 1
4916	 1	 0	 1
4917	 1	 0	 1
4918	 1	 0	 1
4919	 1	 0	 1
4920	 1	 0	 1
4921	 1	 0	 1
4922	 1	 0	 1
4923	 1	 0	 1
4924	 1	 0	 1
4925	 1	 0	 1
4926	 1	 0	 1
4927	 1	 0	 1
4928	 1	 0	 1
4929	 1	 0	 1
4930	 1	 0	 1
4931	 1	 0	 1
4932	 1	 0	 1
4933	 1	 0	 1
4934	 1	 0	 1
4935	 1	 0	 1
4936	 1	 0	 1
4937	 1	 0	 1
4938	 1	 0	 1
4939	 1	 0	 1
4940	 1	 0	 1
4941	 1	 0	 1
4942	 1	 0	 1
4943	 1	 0	 1
4944	 1	 0	 1
4945	 1	 0	 1
4946	 1	 0	 1
4947	 1	 0	 1
4948	 1	 0	 1
4949	 1	 0	 1
4950	 1	 0	 1
4951	 1	 0	 1
4952	 1	 0	 1
4953	 1	 0	 1
4954	 1	 0	 1
4955	 1	 0	 1
4956	 1	 0	 1
4957	 1	 0	 1
4958	 1	 0	 1
4959	 1	 0	 1
4960	 1	 0	 1
4961	 1	 0	 1
4962	 1	 0	 1
4963	 1	 0	 1
4964	 1	 0	 1
4965	 1	 0	 1
4966	 1	 0	 1
4967	 1	 0	 1
4968	 1	 0	 1
4969	 1	 0	 1
4970	 1	 0	 1
4971	 1	 0	 1
4972	 1	 0	 1
4973	 1	 0	 1
4974	 1	 0	 1
4975	 1	 0	 1
4976	 1	 0	 1
4977	 1	 0	 1
4978	 1	 0	 1
4979	 1	 0	 1
4980	 1	 0	 1
4981	 1	 0	 1
4982	 1	 0	 1
4983	 1	 0	 1
4984	 1	 0	 1
4985	 1	 0	 1
4986	 1	 0	 1
4987	 1	 0	 1
4988	 1	 0	 1
4989	 1	 0	 1
4990	 1	 0	 1
4991	 1	 0	 1
4992	 1	 0	 1
4993	 1	 0	 1
4994	 1	 0	 1
4995	 1	 0	 1
4996	 1	 0	 1
4997	 1	 0	 1
4998	 1	 0	 1
4999	 1	 0	 1
