2.57854e-08
5.29232e-08
1.3195e-07
3.31308e-07
8.12524e-07
1.93802e-06
4.49259e-06
1.01197e-05
2.21469e-05
4.70855e-05
9.72397e-05
0.00019505
0.000379981
0.000718901
0.00132084
0.00235667
0.00408342
0.00687135
0.0112302
0.0178283
0.0274967
0.041209
0.0600288
0.0850216
0.117133
0.157043
0.205023
0.260813
0.323549
0.391773
0.46352
0.53648
0.608227
0.676451
0.739187
0.794976
0.842957
0.882867
0.914978
0.939971
0.958791
0.972503
0.982171
0.988769
0.993127
0.995912
0.997633
0.998657
0.999234
0.999523
0.99961
0.999523
0.999234
0.998657
0.997633
0.995912
0.993127
0.988769
0.982171
0.972503
0.958791
0.939971
0.914978
0.882867
0.842957
0.794976
0.739187
0.676451
0.608227
0.53648
0.46352
0.391773
0.323549
0.260813
0.205023
0.157043
0.117133
0.0850216
0.0600288
0.041209
0.0274967
0.0178283
0.0112302
0.00687135
0.00408342
0.00235667
0.00132084
0.000718901
0.000379981
0.00019505
9.72397e-05
4.70855e-05
2.2147e-05
1.01197e-05
4.49267e-06
1.93827e-06
8.13272e-07
3.33464e-07
1.37993e-07
6.93883e-08
