Rank:  2
Coord: 0, 2

CUDA device id: 0

Compute grid
0 1 2 
3 4 5 
6 7 8 

16 x 16 grid size
20 x 20 total(with ghost/halo regions) grid size
5 x 5 stencil

Array
-1 -1 -1 -1 -1 -1 -1 -1 -1 -1 -1 -1 -1 -1 -1 -1 -1 -1 -1 -1 
-1 -1 -1 -1 -1 -1 -1 -1 -1 -1 -1 -1 -1 -1 -1 -1 -1 -1 -1 -1 
-1 -1 2 2 2 2 2 2 2 2 2 2 2 2 2 2 2 2 -1 -1 
-1 -1 2 2 2 2 2 2 2 2 2 2 2 2 2 2 2 2 -1 -1 
-1 -1 2 2 2 2 2 2 2 2 2 2 2 2 2 2 2 2 -1 -1 
-1 -1 2 2 2 2 2 2 2 2 2 2 2 2 2 2 2 2 -1 -1 
-1 -1 2 2 2 2 2 2 2 2 2 2 2 2 2 2 2 2 -1 -1 
-1 -1 2 2 2 2 2 2 2 2 2 2 2 2 2 2 2 2 -1 -1 
-1 -1 2 2 2 2 2 2 2 2 2 2 2 2 2 2 2 2 -1 -1 
-1 -1 2 2 2 2 2 2 2 2 2 2 2 2 2 2 2 2 -1 -1 
-1 -1 2 2 2 2 2 2 2 2 2 2 2 2 2 2 2 2 -1 -1 
-1 -1 2 2 2 2 2 2 2 2 2 2 2 2 2 2 2 2 -1 -1 
-1 -1 2 2 2 2 2 2 2 2 2 2 2 2 2 2 2 2 -1 -1 
-1 -1 2 2 2 2 2 2 2 2 2 2 2 2 2 2 2 2 -1 -1 
-1 -1 2 2 2 2 2 2 2 2 2 2 2 2 2 2 2 2 -1 -1 
-1 -1 2 2 2 2 2 2 2 2 2 2 2 2 2 2 2 2 -1 -1 
-1 -1 2 2 2 2 2 2 2 2 2 2 2 2 2 2 2 2 -1 -1 
-1 -1 2 2 2 2 2 2 2 2 2 2 2 2 2 2 2 2 -1 -1 
-1 -1 -1 -1 -1 -1 -1 -1 -1 -1 -1 -1 -1 -1 -1 -1 -1 -1 -1 -1 
-1 -1 -1 -1 -1 -1 -1 -1 -1 -1 -1 -1 -1 -1 -1 -1 -1 -1 -1 -1 

Array after exchange
7 7 8 8 8 8 8 8 8 8 8 8 8 8 8 8 8 8 6 6 
7 7 8 8 8 8 8 8 8 8 8 8 8 8 8 8 8 8 6 6 
1 1 2 2 2 2 2 2 2 2 2 2 2 2 2 2 2 2 0 0 
1 1 2 2 2 2 2 2 2 2 2 2 2 2 2 2 2 2 0 0 
1 1 2 2 2 2 2 2 2 2 2 2 2 2 2 2 2 2 0 0 
1 1 2 2 2 2 2 2 2 2 2 2 2 2 2 2 2 2 0 0 
1 1 2 2 2 2 2 2 2 2 2 2 2 2 2 2 2 2 0 0 
1 1 2 2 2 2 2 2 2 2 2 2 2 2 2 2 2 2 0 0 
1 1 2 2 2 2 2 2 2 2 2 2 2 2 2 2 2 2 0 0 
1 1 2 2 2 2 2 2 2 2 2 2 2 2 2 2 2 2 0 0 
1 1 2 2 2 2 2 2 2 2 2 2 2 2 2 2 2 2 0 0 
1 1 2 2 2 2 2 2 2 2 2 2 2 2 2 2 2 2 0 0 
1 1 2 2 2 2 2 2 2 2 2 2 2 2 2 2 2 2 0 0 
1 1 2 2 2 2 2 2 2 2 2 2 2 2 2 2 2 2 0 0 
1 1 2 2 2 2 2 2 2 2 2 2 2 2 2 2 2 2 0 0 
1 1 2 2 2 2 2 2 2 2 2 2 2 2 2 2 2 2 0 0 
1 1 2 2 2 2 2 2 2 2 2 2 2 2 2 2 2 2 0 0 
1 1 2 2 2 2 2 2 2 2 2 2 2 2 2 2 2 2 0 0 
4 4 5 5 5 5 5 5 5 5 5 5 5 5 5 5 5 5 3 3 
4 4 5 5 5 5 5 5 5 5 5 5 5 5 5 5 5 5 3 3 
