Rank:  7
Coord: 2, 1

CUDA device id: 1

Compute grid
0 1 2 
3 4 5 
6 7 8 

16 x 16 grid size
20 x 20 total(with ghost/halo regions) grid size
5 x 5 stencil

Array
-1 -1 -1 -1 -1 -1 -1 -1 -1 -1 -1 -1 -1 -1 -1 -1 -1 -1 -1 -1 
-1 -1 -1 -1 -1 -1 -1 -1 -1 -1 -1 -1 -1 -1 -1 -1 -1 -1 -1 -1 
-1 -1 7 7 7 7 7 7 7 7 7 7 7 7 7 7 7 7 -1 -1 
-1 -1 7 7 7 7 7 7 7 7 7 7 7 7 7 7 7 7 -1 -1 
-1 -1 7 7 7 7 7 7 7 7 7 7 7 7 7 7 7 7 -1 -1 
-1 -1 7 7 7 7 7 7 7 7 7 7 7 7 7 7 7 7 -1 -1 
-1 -1 7 7 7 7 7 7 7 7 7 7 7 7 7 7 7 7 -1 -1 
-1 -1 7 7 7 7 7 7 7 7 7 7 7 7 7 7 7 7 -1 -1 
-1 -1 7 7 7 7 7 7 7 7 7 7 7 7 7 7 7 7 -1 -1 
-1 -1 7 7 7 7 7 7 7 7 7 7 7 7 7 7 7 7 -1 -1 
-1 -1 7 7 7 7 7 7 7 7 7 7 7 7 7 7 7 7 -1 -1 
-1 -1 7 7 7 7 7 7 7 7 7 7 7 7 7 7 7 7 -1 -1 
-1 -1 7 7 7 7 7 7 7 7 7 7 7 7 7 7 7 7 -1 -1 
-1 -1 7 7 7 7 7 7 7 7 7 7 7 7 7 7 7 7 -1 -1 
-1 -1 7 7 7 7 7 7 7 7 7 7 7 7 7 7 7 7 -1 -1 
-1 -1 7 7 7 7 7 7 7 7 7 7 7 7 7 7 7 7 -1 -1 
-1 -1 7 7 7 7 7 7 7 7 7 7 7 7 7 7 7 7 -1 -1 
-1 -1 7 7 7 7 7 7 7 7 7 7 7 7 7 7 7 7 -1 -1 
-1 -1 -1 -1 -1 -1 -1 -1 -1 -1 -1 -1 -1 -1 -1 -1 -1 -1 -1 -1 
-1 -1 -1 -1 -1 -1 -1 -1 -1 -1 -1 -1 -1 -1 -1 -1 -1 -1 -1 -1 

Array after exchange
3 3 4 4 4 4 4 4 4 4 4 4 4 4 4 4 4 4 5 5 
3 3 4 4 4 4 4 4 4 4 4 4 4 4 4 4 4 4 5 5 
6 6 7 7 7 7 7 7 7 7 7 7 7 7 7 7 7 7 8 8 
6 6 7 7 7 7 7 7 7 7 7 7 7 7 7 7 7 7 8 8 
6 6 7 7 7 7 7 7 7 7 7 7 7 7 7 7 7 7 8 8 
6 6 7 7 7 7 7 7 7 7 7 7 7 7 7 7 7 7 8 8 
6 6 7 7 7 7 7 7 7 7 7 7 7 7 7 7 7 7 8 8 
6 6 7 7 7 7 7 7 7 7 7 7 7 7 7 7 7 7 8 8 
6 6 7 7 7 7 7 7 7 7 7 7 7 7 7 7 7 7 8 8 
6 6 7 7 7 7 7 7 7 7 7 7 7 7 7 7 7 7 8 8 
6 6 7 7 7 7 7 7 7 7 7 7 7 7 7 7 7 7 8 8 
6 6 7 7 7 7 7 7 7 7 7 7 7 7 7 7 7 7 8 8 
6 6 7 7 7 7 7 7 7 7 7 7 7 7 7 7 7 7 8 8 
6 6 7 7 7 7 7 7 7 7 7 7 7 7 7 7 7 7 8 8 
6 6 7 7 7 7 7 7 7 7 7 7 7 7 7 7 7 7 8 8 
6 6 7 7 7 7 7 7 7 7 7 7 7 7 7 7 7 7 8 8 
6 6 7 7 7 7 7 7 7 7 7 7 7 7 7 7 7 7 8 8 
6 6 7 7 7 7 7 7 7 7 7 7 7 7 7 7 7 7 8 8 
0 0 1 1 1 1 1 1 1 1 1 1 1 1 1 1 1 1 2 2 
0 0 1 1 1 1 1 1 1 1 1 1 1 1 1 1 1 1 2 2 
