0	 0
1	 2.83257e-08
2	 5.66513e-08
3	 8.5042e-08
4	 1.13433e-07
5	 1.41953e-07
6	 1.70474e-07
7	 1.9919e-07
8	 2.27907e-07
9	 2.56884e-07
10	 2.85862e-07
11	 3.15166e-07
12	 3.44471e-07
13	 3.7417e-07
14	 4.0387e-07
15	 4.34031e-07
16	 4.64192e-07
17	 4.94883e-07
18	 5.25574e-07
19	 5.56866e-07
20	 5.88157e-07
21	 6.20119e-07
22	 6.5208e-07
23	 6.84785e-07
24	 7.17489e-07
25	 7.51008e-07
26	 7.84528e-07
27	 8.18938e-07
28	 8.53349e-07
29	 8.88726e-07
30	 9.24103e-07
31	 9.60526e-07
32	 9.96948e-07
33	 1.0345e-06
34	 1.07204e-06
35	 1.1108e-06
36	 1.14956e-06
37	 1.18961e-06
38	 1.22965e-06
39	 1.27108e-06
40	 1.31251e-06
41	 1.35541e-06
42	 1.39831e-06
43	 1.44277e-06
44	 1.48723e-06
45	 1.53334e-06
46	 1.57946e-06
47	 1.62733e-06
48	 1.6752e-06
49	 1.72493e-06
50	 1.77466e-06
51	 1.82635e-06
52	 1.87804e-06
53	 1.93179e-06
54	 1.98555e-06
55	 2.0415e-06
56	 2.09744e-06
57	 2.15568e-06
58	 2.21392e-06
59	 2.27458e-06
60	 2.33524e-06
61	 2.39844e-06
62	 2.46164e-06
63	 2.52752e-06
64	 2.59339e-06
65	 2.66208e-06
66	 2.73076e-06
67	 2.80239e-06
68	 2.87402e-06
69	 2.94873e-06
70	 3.02345e-06
71	 3.10141e-06
72	 3.17937e-06
73	 3.26073e-06
74	 3.34208e-06
75	 3.42699e-06
76	 3.51191e-06
77	 3.60054e-06
78	 3.68918e-06
79	 3.78172e-06
80	 3.87425e-06
81	 3.97087e-06
82	 4.06748e-06
83	 4.16837e-06
84	 4.26925e-06
85	 4.3746e-06
86	 4.47995e-06
87	 4.58996e-06
88	 4.69997e-06
89	 4.81486e-06
90	 4.92976e-06
91	 5.04974e-06
92	 5.16973e-06
93	 5.29504e-06
94	 5.42035e-06
95	 5.55122e-06
96	 5.6821e-06
97	 5.81877e-06
98	 5.95545e-06
99	 6.0982e-06
100	 6.24094e-06
101	 6.39001e-06
102	 6.53908e-06
103	 6.69475e-06
104	 6.85043e-06
105	 7.013e-06
106	 7.17556e-06
107	 7.34532e-06
108	 7.51508e-06
109	 7.69234e-06
110	 7.8696e-06
111	 8.05468e-06
112	 8.23976e-06
113	 8.433e-06
114	 8.62624e-06
115	 8.82798e-06
116	 9.02972e-06
117	 9.24034e-06
118	 9.45095e-06
119	 9.6708e-06
120	 9.89065e-06
121	 1.01201e-05
122	 1.03496e-05
123	 1.05892e-05
124	 1.08287e-05
125	 1.10787e-05
126	 1.13286e-05
127	 1.15895e-05
128	 1.18504e-05
129	 1.21226e-05
130	 1.23949e-05
131	 1.26789e-05
132	 1.2963e-05
133	 1.32593e-05
134	 1.35557e-05
135	 1.38649e-05
136	 1.41741e-05
137	 1.44966e-05
138	 1.48192e-05
139	 1.51556e-05
140	 1.5492e-05
141	 1.58429e-05
142	 1.61938e-05
143	 1.65598e-05
144	 1.69257e-05
145	 1.73074e-05
146	 1.7689e-05
147	 1.80869e-05
148	 1.84849e-05
149	 1.88998e-05
150	 1.93147e-05
151	 1.97472e-05
152	 2.01798e-05
153	 2.06307e-05
154	 2.10816e-05
155	 2.15516e-05
156	 2.20216e-05
157	 2.25115e-05
158	 2.30014e-05
159	 2.35119e-05
160	 2.40224e-05
161	 2.45544e-05
162	 2.50864e-05
163	 2.56408e-05
164	 2.61951e-05
165	 2.67727e-05
166	 2.73502e-05
167	 2.79519e-05
168	 2.85536e-05
169	 2.91804e-05
170	 2.98072e-05
171	 3.046e-05
172	 3.11129e-05
173	 3.17928e-05
174	 3.24727e-05
175	 3.31808e-05
176	 3.38889e-05
177	 3.46262e-05
178	 3.53635e-05
179	 3.61312e-05
180	 3.68989e-05
181	 3.76982e-05
182	 3.84974e-05
183	 3.93295e-05
184	 4.01615e-05
185	 4.10276e-05
186	 4.18936e-05
187	 4.2795e-05
188	 4.36964e-05
189	 4.46345e-05
190	 4.55727e-05
191	 4.65489e-05
192	 4.75251e-05
193	 4.85408e-05
194	 4.95566e-05
195	 5.06134e-05
196	 5.16702e-05
197	 5.27696e-05
198	 5.38691e-05
199	 5.50127e-05
200	 5.61563e-05
201	 5.73459e-05
202	 5.85354e-05
203	 5.97725e-05
204	 6.10096e-05
205	 6.22962e-05
206	 6.35827e-05
207	 6.49204e-05
208	 6.62582e-05
209	 6.76491e-05
210	 6.904e-05
211	 7.0486e-05
212	 7.1932e-05
213	 7.34352e-05
214	 7.49384e-05
215	 7.65008e-05
216	 7.80633e-05
217	 7.96872e-05
218	 8.13111e-05
219	 8.29987e-05
220	 8.46863e-05
221	 8.64399e-05
222	 8.81936e-05
223	 9.00157e-05
224	 9.18377e-05
225	 9.37308e-05
226	 9.56238e-05
227	 9.75904e-05
228	 9.95569e-05
229	 0.0001016
230	 0.000103642
231	 0.000105764
232	 0.000107886
233	 0.000110089
234	 0.000112293
235	 0.000114581
236	 0.000116869
237	 0.000119245
238	 0.000121621
239	 0.000124087
240	 0.000126554
241	 0.000129115
242	 0.000131676
243	 0.000134334
244	 0.000136992
245	 0.000139751
246	 0.00014251
247	 0.000145374
248	 0.000148237
249	 0.000151209
250	 0.00015418
251	 0.000157264
252	 0.000160347
253	 0.000163547
254	 0.000166746
255	 0.000170065
256	 0.000173384
257	 0.000176827
258	 0.00018027
259	 0.000183841
260	 0.000187413
261	 0.000191117
262	 0.000194821
263	 0.000198662
264	 0.000202503
265	 0.000206486
266	 0.00021047
267	 0.0002146
268	 0.00021873
269	 0.000223011
270	 0.000227293
271	 0.000231732
272	 0.000236171
273	 0.000240772
274	 0.000245373
275	 0.000250142
276	 0.000254911
277	 0.000259853
278	 0.000264795
279	 0.000269917
280	 0.000275038
281	 0.000280345
282	 0.000285652
283	 0.00029115
284	 0.000296648
285	 0.000302344
286	 0.000308039
287	 0.000313939
288	 0.00031984
289	 0.000325951
290	 0.000332062
291	 0.000338391
292	 0.00034472
293	 0.000351275
294	 0.000357829
295	 0.000364616
296	 0.000371402
297	 0.000378429
298	 0.000385456
299	 0.000392731
300	 0.000400006
301	 0.000407537
302	 0.000415067
303	 0.000422862
304	 0.000430657
305	 0.000438724
306	 0.000446792
307	 0.000455141
308	 0.00046349
309	 0.000472129
310	 0.000480768
311	 0.000489707
312	 0.000498646
313	 0.000507894
314	 0.000517142
315	 0.000526709
316	 0.000536276
317	 0.000546172
318	 0.000556068
319	 0.000566304
320	 0.000576539
321	 0.000587124
322	 0.00059771
323	 0.000608656
324	 0.000619602
325	 0.00063092
326	 0.000642239
327	 0.00065394
328	 0.000665642
329	 0.00067774
330	 0.000689837
331	 0.000702342
332	 0.000714847
333	 0.000727772
334	 0.000740697
335	 0.000754055
336	 0.000767414
337	 0.000781218
338	 0.000795022
339	 0.000809286
340	 0.00082355
341	 0.000838288
342	 0.000853026
343	 0.000868251
344	 0.000883477
345	 0.000899205
346	 0.000914933
347	 0.000931179
348	 0.000947424
349	 0.000964203
350	 0.000980982
351	 0.000998309
352	 0.00101564
353	 0.00103353
354	 0.00105142
355	 0.0010699
356	 0.00108837
357	 0.00110744
358	 0.00112652
359	 0.00114621
360	 0.0011659
361	 0.00118622
362	 0.00120655
363	 0.00122752
364	 0.0012485
365	 0.00127015
366	 0.0012918
367	 0.00131414
368	 0.00133648
369	 0.00135953
370	 0.00138258
371	 0.00140636
372	 0.00143014
373	 0.00145468
374	 0.00147921
375	 0.00150452
376	 0.00152983
377	 0.00155593
378	 0.00158203
379	 0.00160895
380	 0.00163587
381	 0.00166364
382	 0.0016914
383	 0.00172002
384	 0.00174865
385	 0.00177817
386	 0.00180768
387	 0.00183811
388	 0.00186854
389	 0.0018999
390	 0.00193127
391	 0.0019636
392	 0.00199593
393	 0.00202925
394	 0.00206257
395	 0.00209691
396	 0.00213125
397	 0.00216664
398	 0.00220202
399	 0.00223848
400	 0.00227494
401	 0.0023125
402	 0.00235007
403	 0.00238876
404	 0.00242746
405	 0.00246731
406	 0.00250717
407	 0.00254822
408	 0.00258927
409	 0.00263155
410	 0.00267383
411	 0.00271736
412	 0.0027609
413	 0.00280573
414	 0.00285055
415	 0.00289671
416	 0.00294286
417	 0.00299037
418	 0.00303788
419	 0.00308679
420	 0.0031357
421	 0.00318603
422	 0.00323637
423	 0.00328818
424	 0.00333999
425	 0.0033933
426	 0.00344662
427	 0.00350147
428	 0.00355633
429	 0.00361277
430	 0.00366922
431	 0.00372728
432	 0.00378535
433	 0.00384508
434	 0.00390481
435	 0.00396625
436	 0.00402769
437	 0.00409088
438	 0.00415407
439	 0.00421905
440	 0.00428404
441	 0.00435086
442	 0.00441768
443	 0.00448638
444	 0.00455509
445	 0.00462572
446	 0.00469636
447	 0.00476897
448	 0.00484159
449	 0.00491622
450	 0.00499086
451	 0.00506757
452	 0.00514429
453	 0.00522312
454	 0.00530196
455	 0.00538298
456	 0.00546399
457	 0.00554723
458	 0.00563047
459	 0.005716
460	 0.00580152
461	 0.00588938
462	 0.00597724
463	 0.00606749
464	 0.00615774
465	 0.00625043
466	 0.00634313
467	 0.00643833
468	 0.00653353
469	 0.00663129
470	 0.00672906
471	 0.00682944
472	 0.00692983
473	 0.00703289
474	 0.00713596
475	 0.00724177
476	 0.00734758
477	 0.0074562
478	 0.00756481
479	 0.0076763
480	 0.00778779
481	 0.00790221
482	 0.00801663
483	 0.00813406
484	 0.00825148
485	 0.00837198
486	 0.00849247
487	 0.0086161
488	 0.00873973
489	 0.00886656
490	 0.0089934
491	 0.00912351
492	 0.00925363
493	 0.00938709
494	 0.00952055
495	 0.00965744
496	 0.00979432
497	 0.0099347
498	 0.0100751
499	 0.010219
500	 0.010363
501	 0.0105106
502	 0.0106582
503	 0.0108095
504	 0.0109609
505	 0.011116
506	 0.0112711
507	 0.0114302
508	 0.0115892
509	 0.0117522
510	 0.0119152
511	 0.0120822
512	 0.0122493
513	 0.0124205
514	 0.0125916
515	 0.012767
516	 0.0129424
517	 0.0131222
518	 0.0133019
519	 0.013486
520	 0.0136701
521	 0.0138587
522	 0.0140473
523	 0.0142405
524	 0.0144337
525	 0.0146315
526	 0.0148294
527	 0.015032
528	 0.0152346
529	 0.0154421
530	 0.0156495
531	 0.015862
532	 0.0160744
533	 0.0162919
534	 0.0165093
535	 0.016732
536	 0.0169546
537	 0.0171825
538	 0.0174104
539	 0.0176436
540	 0.0178768
541	 0.0181155
542	 0.0183542
543	 0.0185985
544	 0.0188427
545	 0.0190927
546	 0.0193426
547	 0.0195983
548	 0.019854
549	 0.0201156
550	 0.0203771
551	 0.0206447
552	 0.0209123
553	 0.0211859
554	 0.0214596
555	 0.0217395
556	 0.0220194
557	 0.0223056
558	 0.0225918
559	 0.0228845
560	 0.0231772
561	 0.0234764
562	 0.0237756
563	 0.0240815
564	 0.0243874
565	 0.0247001
566	 0.0250128
567	 0.0253324
568	 0.0256521
569	 0.0259787
570	 0.0263054
571	 0.0266392
572	 0.026973
573	 0.0273142
574	 0.0276553
575	 0.0280038
576	 0.0283523
577	 0.0287084
578	 0.0290645
579	 0.0294282
580	 0.029792
581	 0.0301635
582	 0.0305351
583	 0.0309146
584	 0.031294
585	 0.0316816
586	 0.0320691
587	 0.0324649
588	 0.0328606
589	 0.0332647
590	 0.0336688
591	 0.0340813
592	 0.0344938
593	 0.034915
594	 0.0353361
595	 0.035766
596	 0.0361959
597	 0.0366347
598	 0.0370735
599	 0.0375213
600	 0.0379691
601	 0.038426
602	 0.038883
603	 0.0393493
604	 0.0398156
605	 0.0402913
606	 0.040767
607	 0.0412524
608	 0.0417377
609	 0.0422328
610	 0.0427279
611	 0.0432328
612	 0.0437378
613	 0.0442528
614	 0.0447678
615	 0.045293
616	 0.0458183
617	 0.0463538
618	 0.0468893
619	 0.0474354
620	 0.0479814
621	 0.0485381
622	 0.0490948
623	 0.0496623
624	 0.0502298
625	 0.0508082
626	 0.0513867
627	 0.0519762
628	 0.0525658
629	 0.0531666
630	 0.0537674
631	 0.0543797
632	 0.0549919
633	 0.0556158
634	 0.0562396
635	 0.0568752
636	 0.0575107
637	 0.0581582
638	 0.0588057
639	 0.0594652
640	 0.0601247
641	 0.0607965
642	 0.0614682
643	 0.0621523
644	 0.0628365
645	 0.0635331
646	 0.0642298
647	 0.0649392
648	 0.0656485
649	 0.0663708
650	 0.067093
651	 0.0678283
652	 0.0685635
653	 0.069312
654	 0.0700604
655	 0.0708223
656	 0.0715841
657	 0.0723594
658	 0.0731348
659	 0.0739238
660	 0.0747128
661	 0.0755157
662	 0.0763186
663	 0.0771355
664	 0.0779524
665	 0.0787835
666	 0.0796145
667	 0.08046
668	 0.0813054
669	 0.0821653
670	 0.0830253
671	 0.0838999
672	 0.0847745
673	 0.085664
674	 0.0865535
675	 0.087458
676	 0.0883624
677	 0.0892821
678	 0.0902018
679	 0.0911368
680	 0.0920718
681	 0.0930223
682	 0.0939728
683	 0.094939
684	 0.0959052
685	 0.0968872
686	 0.0978692
687	 0.0988672
688	 0.0998653
689	 0.100879
690	 0.101894
691	 0.102924
692	 0.103955
693	 0.105002
694	 0.106049
695	 0.107112
696	 0.108176
697	 0.109257
698	 0.110337
699	 0.111435
700	 0.112532
701	 0.113647
702	 0.114761
703	 0.115893
704	 0.117025
705	 0.118174
706	 0.119324
707	 0.120491
708	 0.121658
709	 0.122843
710	 0.124027
711	 0.12523
712	 0.126433
713	 0.127653
714	 0.128874
715	 0.130113
716	 0.131352
717	 0.13261
718	 0.133867
719	 0.135143
720	 0.136419
721	 0.137714
722	 0.139008
723	 0.140322
724	 0.141635
725	 0.142968
726	 0.1443
727	 0.145652
728	 0.147003
729	 0.148374
730	 0.149745
731	 0.151135
732	 0.152526
733	 0.153935
734	 0.155345
735	 0.156775
736	 0.158204
737	 0.159654
738	 0.161103
739	 0.162573
740	 0.164042
741	 0.165531
742	 0.167021
743	 0.16853
744	 0.17004
745	 0.17157
746	 0.1731
747	 0.174651
748	 0.176201
749	 0.177772
750	 0.179344
751	 0.180936
752	 0.182527
753	 0.18414
754	 0.185753
755	 0.187387
756	 0.189021
757	 0.190675
758	 0.19233
759	 0.194006
760	 0.195682
761	 0.19738
762	 0.199077
763	 0.200796
764	 0.202515
765	 0.204255
766	 0.205995
767	 0.207757
768	 0.209519
769	 0.211303
770	 0.213086
771	 0.214892
772	 0.216697
773	 0.218525
774	 0.220352
775	 0.222201
776	 0.224051
777	 0.225922
778	 0.227794
779	 0.229687
780	 0.231581
781	 0.233497
782	 0.235413
783	 0.237351
784	 0.239289
785	 0.24125
786	 0.243211
787	 0.245194
788	 0.247177
789	 0.249182
790	 0.251188
791	 0.253216
792	 0.255244
793	 0.257295
794	 0.259346
795	 0.26142
796	 0.263493
797	 0.26559
798	 0.267686
799	 0.269805
800	 0.271924
801	 0.274067
802	 0.276209
803	 0.278373
804	 0.280538
805	 0.282726
806	 0.284914
807	 0.287125
808	 0.289336
809	 0.29157
810	 0.293803
811	 0.29606
812	 0.298317
813	 0.300597
814	 0.302877
815	 0.30518
816	 0.307483
817	 0.309809
818	 0.312135
819	 0.314484
820	 0.316833
821	 0.319205
822	 0.321577
823	 0.323973
824	 0.326368
825	 0.328786
826	 0.331204
827	 0.333646
828	 0.336087
829	 0.338552
830	 0.341016
831	 0.343503
832	 0.345991
833	 0.348501
834	 0.351012
835	 0.353545
836	 0.356079
837	 0.358635
838	 0.361191
839	 0.363771
840	 0.36635
841	 0.368952
842	 0.371554
843	 0.374179
844	 0.376804
845	 0.379451
846	 0.382099
847	 0.384769
848	 0.38744
849	 0.390133
850	 0.392826
851	 0.395541
852	 0.398257
853	 0.400995
854	 0.403733
855	 0.406493
856	 0.409254
857	 0.412036
858	 0.414819
859	 0.417624
860	 0.420429
861	 0.423256
862	 0.426084
863	 0.428933
864	 0.431782
865	 0.434653
866	 0.437524
867	 0.440417
868	 0.44331
869	 0.446225
870	 0.44914
871	 0.452076
872	 0.455013
873	 0.457971
874	 0.460929
875	 0.463908
876	 0.466887
877	 0.469888
878	 0.472888
879	 0.47591
880	 0.478932
881	 0.481974
882	 0.485017
883	 0.48808
884	 0.491144
885	 0.494228
886	 0.497312
887	 0.500417
888	 0.503521
889	 0.506646
890	 0.509771
891	 0.512916
892	 0.516061
893	 0.519227
894	 0.522392
895	 0.525577
896	 0.528762
897	 0.531966
898	 0.535171
899	 0.538395
900	 0.541619
901	 0.544862
902	 0.548106
903	 0.551368
904	 0.554631
905	 0.557912
906	 0.561193
907	 0.564493
908	 0.567793
909	 0.571112
910	 0.57443
911	 0.577767
912	 0.581104
913	 0.584459
914	 0.587813
915	 0.591186
916	 0.594559
917	 0.597949
918	 0.601339
919	 0.604747
920	 0.608154
921	 0.611579
922	 0.615003
923	 0.618445
924	 0.621886
925	 0.625344
926	 0.628803
927	 0.632277
928	 0.635752
929	 0.639242
930	 0.642733
931	 0.646239
932	 0.649746
933	 0.653268
934	 0.65679
935	 0.660327
936	 0.663865
937	 0.667417
938	 0.67097
939	 0.674537
940	 0.678104
941	 0.681686
942	 0.685268
943	 0.688864
944	 0.692459
945	 0.696069
946	 0.699679
947	 0.703303
948	 0.706926
949	 0.710563
950	 0.7142
951	 0.717849
952	 0.721499
953	 0.725162
954	 0.728824
955	 0.732499
956	 0.736174
957	 0.739861
958	 0.743548
959	 0.747247
960	 0.750946
961	 0.754656
962	 0.758367
963	 0.762088
964	 0.76581
965	 0.769542
966	 0.773274
967	 0.777017
968	 0.78076
969	 0.784513
970	 0.788266
971	 0.792029
972	 0.795792
973	 0.799565
974	 0.803337
975	 0.807119
976	 0.8109
977	 0.814691
978	 0.818481
979	 0.82228
980	 0.826079
981	 0.829886
982	 0.833693
983	 0.837508
984	 0.841323
985	 0.845146
986	 0.848968
987	 0.852798
988	 0.856627
989	 0.860463
990	 0.8643
991	 0.868142
992	 0.871985
993	 0.875834
994	 0.879683
995	 0.883537
996	 0.887391
997	 0.891251
998	 0.895111
999	 0.898976
1000	 0.90284
1001	 0.90671
1002	 0.910579
1003	 0.914453
1004	 0.918326
1005	 0.922204
1006	 0.926081
1007	 0.929962
1008	 0.933843
1009	 0.937727
1010	 0.941612
1011	 0.945498
1012	 0.949385
1013	 0.953275
1014	 0.957164
1015	 0.961055
1016	 0.964947
1017	 0.96884
1018	 0.972733
1019	 0.976627
1020	 0.980522
1021	 0.984417
1022	 0.988312
1023	 0.992208
1024	 0.996104
1025	 1
